p cnf 306 5067
1 2 3 4 5 6 7 8 9 10 11 12 13 14 15 16 17 0 
-1 -2 0 
-1 -3 0 
-1 -4 0 
-1 -5 0 
-1 -6 0 
-1 -7 0 
-1 -8 0 
-1 -9 0 
-1 -10 0 
-1 -11 0 
-1 -12 0 
-1 -13 0 
-1 -14 0 
-1 -15 0 
-1 -16 0 
-1 -17 0 
-2 -3 0 
-2 -4 0 
-2 -5 0 
-2 -6 0 
-2 -7 0 
-2 -8 0 
-2 -9 0 
-2 -10 0 
-2 -11 0 
-2 -12 0 
-2 -13 0 
-2 -14 0 
-2 -15 0 
-2 -16 0 
-2 -17 0 
-3 -4 0 
-3 -5 0 
-3 -6 0 
-3 -7 0 
-3 -8 0 
-3 -9 0 
-3 -10 0 
-3 -11 0 
-3 -12 0 
-3 -13 0 
-3 -14 0 
-3 -15 0 
-3 -16 0 
-3 -17 0 
-4 -5 0 
-4 -6 0 
-4 -7 0 
-4 -8 0 
-4 -9 0 
-4 -10 0 
-4 -11 0 
-4 -12 0 
-4 -13 0 
-4 -14 0 
-4 -15 0 
-4 -16 0 
-4 -17 0 
-5 -6 0 
-5 -7 0 
-5 -8 0 
-5 -9 0 
-5 -10 0 
-5 -11 0 
-5 -12 0 
-5 -13 0 
-5 -14 0 
-5 -15 0 
-5 -16 0 
-5 -17 0 
-6 -7 0 
-6 -8 0 
-6 -9 0 
-6 -10 0 
-6 -11 0 
-6 -12 0 
-6 -13 0 
-6 -14 0 
-6 -15 0 
-6 -16 0 
-6 -17 0 
-7 -8 0 
-7 -9 0 
-7 -10 0 
-7 -11 0 
-7 -12 0 
-7 -13 0 
-7 -14 0 
-7 -15 0 
-7 -16 0 
-7 -17 0 
-8 -9 0 
-8 -10 0 
-8 -11 0 
-8 -12 0 
-8 -13 0 
-8 -14 0 
-8 -15 0 
-8 -16 0 
-8 -17 0 
-9 -10 0 
-9 -11 0 
-9 -12 0 
-9 -13 0 
-9 -14 0 
-9 -15 0 
-9 -16 0 
-9 -17 0 
-10 -11 0 
-10 -12 0 
-10 -13 0 
-10 -14 0 
-10 -15 0 
-10 -16 0 
-10 -17 0 
-11 -12 0 
-11 -13 0 
-11 -14 0 
-11 -15 0 
-11 -16 0 
-11 -17 0 
-12 -13 0 
-12 -14 0 
-12 -15 0 
-12 -16 0 
-12 -17 0 
-13 -14 0 
-13 -15 0 
-13 -16 0 
-13 -17 0 
-14 -15 0 
-14 -16 0 
-14 -17 0 
-15 -16 0 
-15 -17 0 
-16 -17 0 
-18 -1 0 
-19 -2 0 
-20 -3 0 
-21 -4 0 
-22 -5 0 
-23 -6 0 
-24 -7 0 
-25 -8 0 
-26 -9 0 
-27 -10 0 
-28 -11 0 
-29 -12 0 
-30 -13 0 
-31 -14 0 
-32 -15 0 
-33 -16 0 
-34 -17 0 
-35 -1 0 
-36 -2 0 
-37 -3 0 
-38 -4 0 
-39 -5 0 
-40 -6 0 
-41 -7 0 
-42 -8 0 
-43 -9 0 
-44 -10 0 
-45 -11 0 
-46 -12 0 
-47 -13 0 
-48 -14 0 
-49 -15 0 
-50 -16 0 
-51 -17 0 
-52 -1 0 
-53 -2 0 
-54 -3 0 
-55 -4 0 
-56 -5 0 
-57 -6 0 
-58 -7 0 
-59 -8 0 
-60 -9 0 
-61 -10 0 
-62 -11 0 
-63 -12 0 
-64 -13 0 
-65 -14 0 
-66 -15 0 
-67 -16 0 
-68 -17 0 
-69 -1 0 
-70 -2 0 
-71 -3 0 
-72 -4 0 
-73 -5 0 
-74 -6 0 
-75 -7 0 
-76 -8 0 
-77 -9 0 
-78 -10 0 
-79 -11 0 
-80 -12 0 
-81 -13 0 
-82 -14 0 
-83 -15 0 
-84 -16 0 
-85 -17 0 
-86 -1 0 
-87 -2 0 
-88 -3 0 
-89 -4 0 
-90 -5 0 
-91 -6 0 
-92 -7 0 
-93 -8 0 
-94 -9 0 
-95 -10 0 
-96 -11 0 
-97 -12 0 
-98 -13 0 
-99 -14 0 
-100 -15 0 
-101 -16 0 
-102 -17 0 
-103 -1 0 
-104 -2 0 
-105 -3 0 
-106 -4 0 
-107 -5 0 
-108 -6 0 
-109 -7 0 
-110 -8 0 
-111 -9 0 
-112 -10 0 
-113 -11 0 
-114 -12 0 
-115 -13 0 
-116 -14 0 
-117 -15 0 
-118 -16 0 
-119 -17 0 
-120 -1 0 
-121 -2 0 
-122 -3 0 
-123 -4 0 
-124 -5 0 
-125 -6 0 
-126 -7 0 
-127 -8 0 
-128 -9 0 
-129 -10 0 
-130 -11 0 
-131 -12 0 
-132 -13 0 
-133 -14 0 
-134 -15 0 
-135 -16 0 
-136 -17 0 
-137 -1 0 
-138 -2 0 
-139 -3 0 
-140 -4 0 
-141 -5 0 
-142 -6 0 
-143 -7 0 
-144 -8 0 
-145 -9 0 
-146 -10 0 
-147 -11 0 
-148 -12 0 
-149 -13 0 
-150 -14 0 
-151 -15 0 
-152 -16 0 
-153 -17 0 
-154 -1 0 
-155 -2 0 
-156 -3 0 
-157 -4 0 
-158 -5 0 
-159 -6 0 
-160 -7 0 
-161 -8 0 
-162 -9 0 
-163 -10 0 
-164 -11 0 
-165 -12 0 
-166 -13 0 
-167 -14 0 
-168 -15 0 
-169 -16 0 
-170 -17 0 
-171 -1 0 
-172 -2 0 
-173 -3 0 
-174 -4 0 
-175 -5 0 
-176 -6 0 
-177 -7 0 
-178 -8 0 
-179 -9 0 
-180 -10 0 
-181 -11 0 
-182 -12 0 
-183 -13 0 
-184 -14 0 
-185 -15 0 
-186 -16 0 
-187 -17 0 
-188 -1 0 
-189 -2 0 
-190 -3 0 
-191 -4 0 
-192 -5 0 
-193 -6 0 
-194 -7 0 
-195 -8 0 
-196 -9 0 
-197 -10 0 
-198 -11 0 
-199 -12 0 
-200 -13 0 
-201 -14 0 
-202 -15 0 
-203 -16 0 
-204 -17 0 
-205 -1 0 
-206 -2 0 
-207 -3 0 
-208 -4 0 
-209 -5 0 
-210 -6 0 
-211 -7 0 
-212 -8 0 
-213 -9 0 
-214 -10 0 
-215 -11 0 
-216 -12 0 
-217 -13 0 
-218 -14 0 
-219 -15 0 
-220 -16 0 
-221 -17 0 
-222 -1 0 
-223 -2 0 
-224 -3 0 
-225 -4 0 
-226 -5 0 
-227 -6 0 
-228 -7 0 
-229 -8 0 
-230 -9 0 
-231 -10 0 
-232 -11 0 
-233 -12 0 
-234 -13 0 
-235 -14 0 
-236 -15 0 
-237 -16 0 
-238 -17 0 
-239 -1 0 
-240 -2 0 
-241 -3 0 
-242 -4 0 
-243 -5 0 
-244 -6 0 
-245 -7 0 
-246 -8 0 
-247 -9 0 
-248 -10 0 
-249 -11 0 
-250 -12 0 
-251 -13 0 
-252 -14 0 
-253 -15 0 
-254 -16 0 
-255 -17 0 
-256 -1 0 
-257 -2 0 
-258 -3 0 
-259 -4 0 
-260 -5 0 
-261 -6 0 
-262 -7 0 
-263 -8 0 
-264 -9 0 
-265 -10 0 
-266 -11 0 
-267 -12 0 
-268 -13 0 
-269 -14 0 
-270 -15 0 
-271 -16 0 
-272 -17 0 
-273 -1 0 
-274 -2 0 
-275 -3 0 
-276 -4 0 
-277 -5 0 
-278 -6 0 
-279 -7 0 
-280 -8 0 
-281 -9 0 
-282 -10 0 
-283 -11 0 
-284 -12 0 
-285 -13 0 
-286 -14 0 
-287 -15 0 
-288 -16 0 
-289 -17 0 
-290 -1 0 
-291 -2 0 
-292 -3 0 
-293 -4 0 
-294 -5 0 
-295 -6 0 
-296 -7 0 
-297 -8 0 
-298 -9 0 
-299 -10 0 
-300 -11 0 
-301 -12 0 
-302 -13 0 
-303 -14 0 
-304 -15 0 
-305 -16 0 
-306 -17 0 
18 19 20 21 22 23 24 25 26 27 28 29 30 31 32 33 34 0 
-18 -19 0 
-18 -20 0 
-18 -21 0 
-18 -22 0 
-18 -23 0 
-18 -24 0 
-18 -25 0 
-18 -26 0 
-18 -27 0 
-18 -28 0 
-18 -29 0 
-18 -30 0 
-18 -31 0 
-18 -32 0 
-18 -33 0 
-18 -34 0 
-19 -20 0 
-19 -21 0 
-19 -22 0 
-19 -23 0 
-19 -24 0 
-19 -25 0 
-19 -26 0 
-19 -27 0 
-19 -28 0 
-19 -29 0 
-19 -30 0 
-19 -31 0 
-19 -32 0 
-19 -33 0 
-19 -34 0 
-20 -21 0 
-20 -22 0 
-20 -23 0 
-20 -24 0 
-20 -25 0 
-20 -26 0 
-20 -27 0 
-20 -28 0 
-20 -29 0 
-20 -30 0 
-20 -31 0 
-20 -32 0 
-20 -33 0 
-20 -34 0 
-21 -22 0 
-21 -23 0 
-21 -24 0 
-21 -25 0 
-21 -26 0 
-21 -27 0 
-21 -28 0 
-21 -29 0 
-21 -30 0 
-21 -31 0 
-21 -32 0 
-21 -33 0 
-21 -34 0 
-22 -23 0 
-22 -24 0 
-22 -25 0 
-22 -26 0 
-22 -27 0 
-22 -28 0 
-22 -29 0 
-22 -30 0 
-22 -31 0 
-22 -32 0 
-22 -33 0 
-22 -34 0 
-23 -24 0 
-23 -25 0 
-23 -26 0 
-23 -27 0 
-23 -28 0 
-23 -29 0 
-23 -30 0 
-23 -31 0 
-23 -32 0 
-23 -33 0 
-23 -34 0 
-24 -25 0 
-24 -26 0 
-24 -27 0 
-24 -28 0 
-24 -29 0 
-24 -30 0 
-24 -31 0 
-24 -32 0 
-24 -33 0 
-24 -34 0 
-25 -26 0 
-25 -27 0 
-25 -28 0 
-25 -29 0 
-25 -30 0 
-25 -31 0 
-25 -32 0 
-25 -33 0 
-25 -34 0 
-26 -27 0 
-26 -28 0 
-26 -29 0 
-26 -30 0 
-26 -31 0 
-26 -32 0 
-26 -33 0 
-26 -34 0 
-27 -28 0 
-27 -29 0 
-27 -30 0 
-27 -31 0 
-27 -32 0 
-27 -33 0 
-27 -34 0 
-28 -29 0 
-28 -30 0 
-28 -31 0 
-28 -32 0 
-28 -33 0 
-28 -34 0 
-29 -30 0 
-29 -31 0 
-29 -32 0 
-29 -33 0 
-29 -34 0 
-30 -31 0 
-30 -32 0 
-30 -33 0 
-30 -34 0 
-31 -32 0 
-31 -33 0 
-31 -34 0 
-32 -33 0 
-32 -34 0 
-33 -34 0 
-35 -18 0 
-36 -19 0 
-37 -20 0 
-38 -21 0 
-39 -22 0 
-40 -23 0 
-41 -24 0 
-42 -25 0 
-43 -26 0 
-44 -27 0 
-45 -28 0 
-46 -29 0 
-47 -30 0 
-48 -31 0 
-49 -32 0 
-50 -33 0 
-51 -34 0 
-52 -18 0 
-53 -19 0 
-54 -20 0 
-55 -21 0 
-56 -22 0 
-57 -23 0 
-58 -24 0 
-59 -25 0 
-60 -26 0 
-61 -27 0 
-62 -28 0 
-63 -29 0 
-64 -30 0 
-65 -31 0 
-66 -32 0 
-67 -33 0 
-68 -34 0 
-69 -18 0 
-70 -19 0 
-71 -20 0 
-72 -21 0 
-73 -22 0 
-74 -23 0 
-75 -24 0 
-76 -25 0 
-77 -26 0 
-78 -27 0 
-79 -28 0 
-80 -29 0 
-81 -30 0 
-82 -31 0 
-83 -32 0 
-84 -33 0 
-85 -34 0 
-86 -18 0 
-87 -19 0 
-88 -20 0 
-89 -21 0 
-90 -22 0 
-91 -23 0 
-92 -24 0 
-93 -25 0 
-94 -26 0 
-95 -27 0 
-96 -28 0 
-97 -29 0 
-98 -30 0 
-99 -31 0 
-100 -32 0 
-101 -33 0 
-102 -34 0 
-103 -18 0 
-104 -19 0 
-105 -20 0 
-106 -21 0 
-107 -22 0 
-108 -23 0 
-109 -24 0 
-110 -25 0 
-111 -26 0 
-112 -27 0 
-113 -28 0 
-114 -29 0 
-115 -30 0 
-116 -31 0 
-117 -32 0 
-118 -33 0 
-119 -34 0 
-120 -18 0 
-121 -19 0 
-122 -20 0 
-123 -21 0 
-124 -22 0 
-125 -23 0 
-126 -24 0 
-127 -25 0 
-128 -26 0 
-129 -27 0 
-130 -28 0 
-131 -29 0 
-132 -30 0 
-133 -31 0 
-134 -32 0 
-135 -33 0 
-136 -34 0 
-137 -18 0 
-138 -19 0 
-139 -20 0 
-140 -21 0 
-141 -22 0 
-142 -23 0 
-143 -24 0 
-144 -25 0 
-145 -26 0 
-146 -27 0 
-147 -28 0 
-148 -29 0 
-149 -30 0 
-150 -31 0 
-151 -32 0 
-152 -33 0 
-153 -34 0 
-154 -18 0 
-155 -19 0 
-156 -20 0 
-157 -21 0 
-158 -22 0 
-159 -23 0 
-160 -24 0 
-161 -25 0 
-162 -26 0 
-163 -27 0 
-164 -28 0 
-165 -29 0 
-166 -30 0 
-167 -31 0 
-168 -32 0 
-169 -33 0 
-170 -34 0 
-171 -18 0 
-172 -19 0 
-173 -20 0 
-174 -21 0 
-175 -22 0 
-176 -23 0 
-177 -24 0 
-178 -25 0 
-179 -26 0 
-180 -27 0 
-181 -28 0 
-182 -29 0 
-183 -30 0 
-184 -31 0 
-185 -32 0 
-186 -33 0 
-187 -34 0 
-188 -18 0 
-189 -19 0 
-190 -20 0 
-191 -21 0 
-192 -22 0 
-193 -23 0 
-194 -24 0 
-195 -25 0 
-196 -26 0 
-197 -27 0 
-198 -28 0 
-199 -29 0 
-200 -30 0 
-201 -31 0 
-202 -32 0 
-203 -33 0 
-204 -34 0 
-205 -18 0 
-206 -19 0 
-207 -20 0 
-208 -21 0 
-209 -22 0 
-210 -23 0 
-211 -24 0 
-212 -25 0 
-213 -26 0 
-214 -27 0 
-215 -28 0 
-216 -29 0 
-217 -30 0 
-218 -31 0 
-219 -32 0 
-220 -33 0 
-221 -34 0 
-222 -18 0 
-223 -19 0 
-224 -20 0 
-225 -21 0 
-226 -22 0 
-227 -23 0 
-228 -24 0 
-229 -25 0 
-230 -26 0 
-231 -27 0 
-232 -28 0 
-233 -29 0 
-234 -30 0 
-235 -31 0 
-236 -32 0 
-237 -33 0 
-238 -34 0 
-239 -18 0 
-240 -19 0 
-241 -20 0 
-242 -21 0 
-243 -22 0 
-244 -23 0 
-245 -24 0 
-246 -25 0 
-247 -26 0 
-248 -27 0 
-249 -28 0 
-250 -29 0 
-251 -30 0 
-252 -31 0 
-253 -32 0 
-254 -33 0 
-255 -34 0 
-256 -18 0 
-257 -19 0 
-258 -20 0 
-259 -21 0 
-260 -22 0 
-261 -23 0 
-262 -24 0 
-263 -25 0 
-264 -26 0 
-265 -27 0 
-266 -28 0 
-267 -29 0 
-268 -30 0 
-269 -31 0 
-270 -32 0 
-271 -33 0 
-272 -34 0 
-273 -18 0 
-274 -19 0 
-275 -20 0 
-276 -21 0 
-277 -22 0 
-278 -23 0 
-279 -24 0 
-280 -25 0 
-281 -26 0 
-282 -27 0 
-283 -28 0 
-284 -29 0 
-285 -30 0 
-286 -31 0 
-287 -32 0 
-288 -33 0 
-289 -34 0 
-290 -18 0 
-291 -19 0 
-292 -20 0 
-293 -21 0 
-294 -22 0 
-295 -23 0 
-296 -24 0 
-297 -25 0 
-298 -26 0 
-299 -27 0 
-300 -28 0 
-301 -29 0 
-302 -30 0 
-303 -31 0 
-304 -32 0 
-305 -33 0 
-306 -34 0 
35 36 37 38 39 40 41 42 43 44 45 46 47 48 49 50 51 0 
-35 -36 0 
-35 -37 0 
-35 -38 0 
-35 -39 0 
-35 -40 0 
-35 -41 0 
-35 -42 0 
-35 -43 0 
-35 -44 0 
-35 -45 0 
-35 -46 0 
-35 -47 0 
-35 -48 0 
-35 -49 0 
-35 -50 0 
-35 -51 0 
-36 -37 0 
-36 -38 0 
-36 -39 0 
-36 -40 0 
-36 -41 0 
-36 -42 0 
-36 -43 0 
-36 -44 0 
-36 -45 0 
-36 -46 0 
-36 -47 0 
-36 -48 0 
-36 -49 0 
-36 -50 0 
-36 -51 0 
-37 -38 0 
-37 -39 0 
-37 -40 0 
-37 -41 0 
-37 -42 0 
-37 -43 0 
-37 -44 0 
-37 -45 0 
-37 -46 0 
-37 -47 0 
-37 -48 0 
-37 -49 0 
-37 -50 0 
-37 -51 0 
-38 -39 0 
-38 -40 0 
-38 -41 0 
-38 -42 0 
-38 -43 0 
-38 -44 0 
-38 -45 0 
-38 -46 0 
-38 -47 0 
-38 -48 0 
-38 -49 0 
-38 -50 0 
-38 -51 0 
-39 -40 0 
-39 -41 0 
-39 -42 0 
-39 -43 0 
-39 -44 0 
-39 -45 0 
-39 -46 0 
-39 -47 0 
-39 -48 0 
-39 -49 0 
-39 -50 0 
-39 -51 0 
-40 -41 0 
-40 -42 0 
-40 -43 0 
-40 -44 0 
-40 -45 0 
-40 -46 0 
-40 -47 0 
-40 -48 0 
-40 -49 0 
-40 -50 0 
-40 -51 0 
-41 -42 0 
-41 -43 0 
-41 -44 0 
-41 -45 0 
-41 -46 0 
-41 -47 0 
-41 -48 0 
-41 -49 0 
-41 -50 0 
-41 -51 0 
-42 -43 0 
-42 -44 0 
-42 -45 0 
-42 -46 0 
-42 -47 0 
-42 -48 0 
-42 -49 0 
-42 -50 0 
-42 -51 0 
-43 -44 0 
-43 -45 0 
-43 -46 0 
-43 -47 0 
-43 -48 0 
-43 -49 0 
-43 -50 0 
-43 -51 0 
-44 -45 0 
-44 -46 0 
-44 -47 0 
-44 -48 0 
-44 -49 0 
-44 -50 0 
-44 -51 0 
-45 -46 0 
-45 -47 0 
-45 -48 0 
-45 -49 0 
-45 -50 0 
-45 -51 0 
-46 -47 0 
-46 -48 0 
-46 -49 0 
-46 -50 0 
-46 -51 0 
-47 -48 0 
-47 -49 0 
-47 -50 0 
-47 -51 0 
-48 -49 0 
-48 -50 0 
-48 -51 0 
-49 -50 0 
-49 -51 0 
-50 -51 0 
-52 -35 0 
-53 -36 0 
-54 -37 0 
-55 -38 0 
-56 -39 0 
-57 -40 0 
-58 -41 0 
-59 -42 0 
-60 -43 0 
-61 -44 0 
-62 -45 0 
-63 -46 0 
-64 -47 0 
-65 -48 0 
-66 -49 0 
-67 -50 0 
-68 -51 0 
-69 -35 0 
-70 -36 0 
-71 -37 0 
-72 -38 0 
-73 -39 0 
-74 -40 0 
-75 -41 0 
-76 -42 0 
-77 -43 0 
-78 -44 0 
-79 -45 0 
-80 -46 0 
-81 -47 0 
-82 -48 0 
-83 -49 0 
-84 -50 0 
-85 -51 0 
-86 -35 0 
-87 -36 0 
-88 -37 0 
-89 -38 0 
-90 -39 0 
-91 -40 0 
-92 -41 0 
-93 -42 0 
-94 -43 0 
-95 -44 0 
-96 -45 0 
-97 -46 0 
-98 -47 0 
-99 -48 0 
-100 -49 0 
-101 -50 0 
-102 -51 0 
-103 -35 0 
-104 -36 0 
-105 -37 0 
-106 -38 0 
-107 -39 0 
-108 -40 0 
-109 -41 0 
-110 -42 0 
-111 -43 0 
-112 -44 0 
-113 -45 0 
-114 -46 0 
-115 -47 0 
-116 -48 0 
-117 -49 0 
-118 -50 0 
-119 -51 0 
-120 -35 0 
-121 -36 0 
-122 -37 0 
-123 -38 0 
-124 -39 0 
-125 -40 0 
-126 -41 0 
-127 -42 0 
-128 -43 0 
-129 -44 0 
-130 -45 0 
-131 -46 0 
-132 -47 0 
-133 -48 0 
-134 -49 0 
-135 -50 0 
-136 -51 0 
-137 -35 0 
-138 -36 0 
-139 -37 0 
-140 -38 0 
-141 -39 0 
-142 -40 0 
-143 -41 0 
-144 -42 0 
-145 -43 0 
-146 -44 0 
-147 -45 0 
-148 -46 0 
-149 -47 0 
-150 -48 0 
-151 -49 0 
-152 -50 0 
-153 -51 0 
-154 -35 0 
-155 -36 0 
-156 -37 0 
-157 -38 0 
-158 -39 0 
-159 -40 0 
-160 -41 0 
-161 -42 0 
-162 -43 0 
-163 -44 0 
-164 -45 0 
-165 -46 0 
-166 -47 0 
-167 -48 0 
-168 -49 0 
-169 -50 0 
-170 -51 0 
-171 -35 0 
-172 -36 0 
-173 -37 0 
-174 -38 0 
-175 -39 0 
-176 -40 0 
-177 -41 0 
-178 -42 0 
-179 -43 0 
-180 -44 0 
-181 -45 0 
-182 -46 0 
-183 -47 0 
-184 -48 0 
-185 -49 0 
-186 -50 0 
-187 -51 0 
-188 -35 0 
-189 -36 0 
-190 -37 0 
-191 -38 0 
-192 -39 0 
-193 -40 0 
-194 -41 0 
-195 -42 0 
-196 -43 0 
-197 -44 0 
-198 -45 0 
-199 -46 0 
-200 -47 0 
-201 -48 0 
-202 -49 0 
-203 -50 0 
-204 -51 0 
-205 -35 0 
-206 -36 0 
-207 -37 0 
-208 -38 0 
-209 -39 0 
-210 -40 0 
-211 -41 0 
-212 -42 0 
-213 -43 0 
-214 -44 0 
-215 -45 0 
-216 -46 0 
-217 -47 0 
-218 -48 0 
-219 -49 0 
-220 -50 0 
-221 -51 0 
-222 -35 0 
-223 -36 0 
-224 -37 0 
-225 -38 0 
-226 -39 0 
-227 -40 0 
-228 -41 0 
-229 -42 0 
-230 -43 0 
-231 -44 0 
-232 -45 0 
-233 -46 0 
-234 -47 0 
-235 -48 0 
-236 -49 0 
-237 -50 0 
-238 -51 0 
-239 -35 0 
-240 -36 0 
-241 -37 0 
-242 -38 0 
-243 -39 0 
-244 -40 0 
-245 -41 0 
-246 -42 0 
-247 -43 0 
-248 -44 0 
-249 -45 0 
-250 -46 0 
-251 -47 0 
-252 -48 0 
-253 -49 0 
-254 -50 0 
-255 -51 0 
-256 -35 0 
-257 -36 0 
-258 -37 0 
-259 -38 0 
-260 -39 0 
-261 -40 0 
-262 -41 0 
-263 -42 0 
-264 -43 0 
-265 -44 0 
-266 -45 0 
-267 -46 0 
-268 -47 0 
-269 -48 0 
-270 -49 0 
-271 -50 0 
-272 -51 0 
-273 -35 0 
-274 -36 0 
-275 -37 0 
-276 -38 0 
-277 -39 0 
-278 -40 0 
-279 -41 0 
-280 -42 0 
-281 -43 0 
-282 -44 0 
-283 -45 0 
-284 -46 0 
-285 -47 0 
-286 -48 0 
-287 -49 0 
-288 -50 0 
-289 -51 0 
-290 -35 0 
-291 -36 0 
-292 -37 0 
-293 -38 0 
-294 -39 0 
-295 -40 0 
-296 -41 0 
-297 -42 0 
-298 -43 0 
-299 -44 0 
-300 -45 0 
-301 -46 0 
-302 -47 0 
-303 -48 0 
-304 -49 0 
-305 -50 0 
-306 -51 0 
52 53 54 55 56 57 58 59 60 61 62 63 64 65 66 67 68 0 
-52 -53 0 
-52 -54 0 
-52 -55 0 
-52 -56 0 
-52 -57 0 
-52 -58 0 
-52 -59 0 
-52 -60 0 
-52 -61 0 
-52 -62 0 
-52 -63 0 
-52 -64 0 
-52 -65 0 
-52 -66 0 
-52 -67 0 
-52 -68 0 
-53 -54 0 
-53 -55 0 
-53 -56 0 
-53 -57 0 
-53 -58 0 
-53 -59 0 
-53 -60 0 
-53 -61 0 
-53 -62 0 
-53 -63 0 
-53 -64 0 
-53 -65 0 
-53 -66 0 
-53 -67 0 
-53 -68 0 
-54 -55 0 
-54 -56 0 
-54 -57 0 
-54 -58 0 
-54 -59 0 
-54 -60 0 
-54 -61 0 
-54 -62 0 
-54 -63 0 
-54 -64 0 
-54 -65 0 
-54 -66 0 
-54 -67 0 
-54 -68 0 
-55 -56 0 
-55 -57 0 
-55 -58 0 
-55 -59 0 
-55 -60 0 
-55 -61 0 
-55 -62 0 
-55 -63 0 
-55 -64 0 
-55 -65 0 
-55 -66 0 
-55 -67 0 
-55 -68 0 
-56 -57 0 
-56 -58 0 
-56 -59 0 
-56 -60 0 
-56 -61 0 
-56 -62 0 
-56 -63 0 
-56 -64 0 
-56 -65 0 
-56 -66 0 
-56 -67 0 
-56 -68 0 
-57 -58 0 
-57 -59 0 
-57 -60 0 
-57 -61 0 
-57 -62 0 
-57 -63 0 
-57 -64 0 
-57 -65 0 
-57 -66 0 
-57 -67 0 
-57 -68 0 
-58 -59 0 
-58 -60 0 
-58 -61 0 
-58 -62 0 
-58 -63 0 
-58 -64 0 
-58 -65 0 
-58 -66 0 
-58 -67 0 
-58 -68 0 
-59 -60 0 
-59 -61 0 
-59 -62 0 
-59 -63 0 
-59 -64 0 
-59 -65 0 
-59 -66 0 
-59 -67 0 
-59 -68 0 
-60 -61 0 
-60 -62 0 
-60 -63 0 
-60 -64 0 
-60 -65 0 
-60 -66 0 
-60 -67 0 
-60 -68 0 
-61 -62 0 
-61 -63 0 
-61 -64 0 
-61 -65 0 
-61 -66 0 
-61 -67 0 
-61 -68 0 
-62 -63 0 
-62 -64 0 
-62 -65 0 
-62 -66 0 
-62 -67 0 
-62 -68 0 
-63 -64 0 
-63 -65 0 
-63 -66 0 
-63 -67 0 
-63 -68 0 
-64 -65 0 
-64 -66 0 
-64 -67 0 
-64 -68 0 
-65 -66 0 
-65 -67 0 
-65 -68 0 
-66 -67 0 
-66 -68 0 
-67 -68 0 
-69 -52 0 
-70 -53 0 
-71 -54 0 
-72 -55 0 
-73 -56 0 
-74 -57 0 
-75 -58 0 
-76 -59 0 
-77 -60 0 
-78 -61 0 
-79 -62 0 
-80 -63 0 
-81 -64 0 
-82 -65 0 
-83 -66 0 
-84 -67 0 
-85 -68 0 
-86 -52 0 
-87 -53 0 
-88 -54 0 
-89 -55 0 
-90 -56 0 
-91 -57 0 
-92 -58 0 
-93 -59 0 
-94 -60 0 
-95 -61 0 
-96 -62 0 
-97 -63 0 
-98 -64 0 
-99 -65 0 
-100 -66 0 
-101 -67 0 
-102 -68 0 
-103 -52 0 
-104 -53 0 
-105 -54 0 
-106 -55 0 
-107 -56 0 
-108 -57 0 
-109 -58 0 
-110 -59 0 
-111 -60 0 
-112 -61 0 
-113 -62 0 
-114 -63 0 
-115 -64 0 
-116 -65 0 
-117 -66 0 
-118 -67 0 
-119 -68 0 
-120 -52 0 
-121 -53 0 
-122 -54 0 
-123 -55 0 
-124 -56 0 
-125 -57 0 
-126 -58 0 
-127 -59 0 
-128 -60 0 
-129 -61 0 
-130 -62 0 
-131 -63 0 
-132 -64 0 
-133 -65 0 
-134 -66 0 
-135 -67 0 
-136 -68 0 
-137 -52 0 
-138 -53 0 
-139 -54 0 
-140 -55 0 
-141 -56 0 
-142 -57 0 
-143 -58 0 
-144 -59 0 
-145 -60 0 
-146 -61 0 
-147 -62 0 
-148 -63 0 
-149 -64 0 
-150 -65 0 
-151 -66 0 
-152 -67 0 
-153 -68 0 
-154 -52 0 
-155 -53 0 
-156 -54 0 
-157 -55 0 
-158 -56 0 
-159 -57 0 
-160 -58 0 
-161 -59 0 
-162 -60 0 
-163 -61 0 
-164 -62 0 
-165 -63 0 
-166 -64 0 
-167 -65 0 
-168 -66 0 
-169 -67 0 
-170 -68 0 
-171 -52 0 
-172 -53 0 
-173 -54 0 
-174 -55 0 
-175 -56 0 
-176 -57 0 
-177 -58 0 
-178 -59 0 
-179 -60 0 
-180 -61 0 
-181 -62 0 
-182 -63 0 
-183 -64 0 
-184 -65 0 
-185 -66 0 
-186 -67 0 
-187 -68 0 
-188 -52 0 
-189 -53 0 
-190 -54 0 
-191 -55 0 
-192 -56 0 
-193 -57 0 
-194 -58 0 
-195 -59 0 
-196 -60 0 
-197 -61 0 
-198 -62 0 
-199 -63 0 
-200 -64 0 
-201 -65 0 
-202 -66 0 
-203 -67 0 
-204 -68 0 
-205 -52 0 
-206 -53 0 
-207 -54 0 
-208 -55 0 
-209 -56 0 
-210 -57 0 
-211 -58 0 
-212 -59 0 
-213 -60 0 
-214 -61 0 
-215 -62 0 
-216 -63 0 
-217 -64 0 
-218 -65 0 
-219 -66 0 
-220 -67 0 
-221 -68 0 
-222 -52 0 
-223 -53 0 
-224 -54 0 
-225 -55 0 
-226 -56 0 
-227 -57 0 
-228 -58 0 
-229 -59 0 
-230 -60 0 
-231 -61 0 
-232 -62 0 
-233 -63 0 
-234 -64 0 
-235 -65 0 
-236 -66 0 
-237 -67 0 
-238 -68 0 
-239 -52 0 
-240 -53 0 
-241 -54 0 
-242 -55 0 
-243 -56 0 
-244 -57 0 
-245 -58 0 
-246 -59 0 
-247 -60 0 
-248 -61 0 
-249 -62 0 
-250 -63 0 
-251 -64 0 
-252 -65 0 
-253 -66 0 
-254 -67 0 
-255 -68 0 
-256 -52 0 
-257 -53 0 
-258 -54 0 
-259 -55 0 
-260 -56 0 
-261 -57 0 
-262 -58 0 
-263 -59 0 
-264 -60 0 
-265 -61 0 
-266 -62 0 
-267 -63 0 
-268 -64 0 
-269 -65 0 
-270 -66 0 
-271 -67 0 
-272 -68 0 
-273 -52 0 
-274 -53 0 
-275 -54 0 
-276 -55 0 
-277 -56 0 
-278 -57 0 
-279 -58 0 
-280 -59 0 
-281 -60 0 
-282 -61 0 
-283 -62 0 
-284 -63 0 
-285 -64 0 
-286 -65 0 
-287 -66 0 
-288 -67 0 
-289 -68 0 
-290 -52 0 
-291 -53 0 
-292 -54 0 
-293 -55 0 
-294 -56 0 
-295 -57 0 
-296 -58 0 
-297 -59 0 
-298 -60 0 
-299 -61 0 
-300 -62 0 
-301 -63 0 
-302 -64 0 
-303 -65 0 
-304 -66 0 
-305 -67 0 
-306 -68 0 
69 70 71 72 73 74 75 76 77 78 79 80 81 82 83 84 85 0 
-69 -70 0 
-69 -71 0 
-69 -72 0 
-69 -73 0 
-69 -74 0 
-69 -75 0 
-69 -76 0 
-69 -77 0 
-69 -78 0 
-69 -79 0 
-69 -80 0 
-69 -81 0 
-69 -82 0 
-69 -83 0 
-69 -84 0 
-69 -85 0 
-70 -71 0 
-70 -72 0 
-70 -73 0 
-70 -74 0 
-70 -75 0 
-70 -76 0 
-70 -77 0 
-70 -78 0 
-70 -79 0 
-70 -80 0 
-70 -81 0 
-70 -82 0 
-70 -83 0 
-70 -84 0 
-70 -85 0 
-71 -72 0 
-71 -73 0 
-71 -74 0 
-71 -75 0 
-71 -76 0 
-71 -77 0 
-71 -78 0 
-71 -79 0 
-71 -80 0 
-71 -81 0 
-71 -82 0 
-71 -83 0 
-71 -84 0 
-71 -85 0 
-72 -73 0 
-72 -74 0 
-72 -75 0 
-72 -76 0 
-72 -77 0 
-72 -78 0 
-72 -79 0 
-72 -80 0 
-72 -81 0 
-72 -82 0 
-72 -83 0 
-72 -84 0 
-72 -85 0 
-73 -74 0 
-73 -75 0 
-73 -76 0 
-73 -77 0 
-73 -78 0 
-73 -79 0 
-73 -80 0 
-73 -81 0 
-73 -82 0 
-73 -83 0 
-73 -84 0 
-73 -85 0 
-74 -75 0 
-74 -76 0 
-74 -77 0 
-74 -78 0 
-74 -79 0 
-74 -80 0 
-74 -81 0 
-74 -82 0 
-74 -83 0 
-74 -84 0 
-74 -85 0 
-75 -76 0 
-75 -77 0 
-75 -78 0 
-75 -79 0 
-75 -80 0 
-75 -81 0 
-75 -82 0 
-75 -83 0 
-75 -84 0 
-75 -85 0 
-76 -77 0 
-76 -78 0 
-76 -79 0 
-76 -80 0 
-76 -81 0 
-76 -82 0 
-76 -83 0 
-76 -84 0 
-76 -85 0 
-77 -78 0 
-77 -79 0 
-77 -80 0 
-77 -81 0 
-77 -82 0 
-77 -83 0 
-77 -84 0 
-77 -85 0 
-78 -79 0 
-78 -80 0 
-78 -81 0 
-78 -82 0 
-78 -83 0 
-78 -84 0 
-78 -85 0 
-79 -80 0 
-79 -81 0 
-79 -82 0 
-79 -83 0 
-79 -84 0 
-79 -85 0 
-80 -81 0 
-80 -82 0 
-80 -83 0 
-80 -84 0 
-80 -85 0 
-81 -82 0 
-81 -83 0 
-81 -84 0 
-81 -85 0 
-82 -83 0 
-82 -84 0 
-82 -85 0 
-83 -84 0 
-83 -85 0 
-84 -85 0 
-86 -69 0 
-87 -70 0 
-88 -71 0 
-89 -72 0 
-90 -73 0 
-91 -74 0 
-92 -75 0 
-93 -76 0 
-94 -77 0 
-95 -78 0 
-96 -79 0 
-97 -80 0 
-98 -81 0 
-99 -82 0 
-100 -83 0 
-101 -84 0 
-102 -85 0 
-103 -69 0 
-104 -70 0 
-105 -71 0 
-106 -72 0 
-107 -73 0 
-108 -74 0 
-109 -75 0 
-110 -76 0 
-111 -77 0 
-112 -78 0 
-113 -79 0 
-114 -80 0 
-115 -81 0 
-116 -82 0 
-117 -83 0 
-118 -84 0 
-119 -85 0 
-120 -69 0 
-121 -70 0 
-122 -71 0 
-123 -72 0 
-124 -73 0 
-125 -74 0 
-126 -75 0 
-127 -76 0 
-128 -77 0 
-129 -78 0 
-130 -79 0 
-131 -80 0 
-132 -81 0 
-133 -82 0 
-134 -83 0 
-135 -84 0 
-136 -85 0 
-137 -69 0 
-138 -70 0 
-139 -71 0 
-140 -72 0 
-141 -73 0 
-142 -74 0 
-143 -75 0 
-144 -76 0 
-145 -77 0 
-146 -78 0 
-147 -79 0 
-148 -80 0 
-149 -81 0 
-150 -82 0 
-151 -83 0 
-152 -84 0 
-153 -85 0 
-154 -69 0 
-155 -70 0 
-156 -71 0 
-157 -72 0 
-158 -73 0 
-159 -74 0 
-160 -75 0 
-161 -76 0 
-162 -77 0 
-163 -78 0 
-164 -79 0 
-165 -80 0 
-166 -81 0 
-167 -82 0 
-168 -83 0 
-169 -84 0 
-170 -85 0 
-171 -69 0 
-172 -70 0 
-173 -71 0 
-174 -72 0 
-175 -73 0 
-176 -74 0 
-177 -75 0 
-178 -76 0 
-179 -77 0 
-180 -78 0 
-181 -79 0 
-182 -80 0 
-183 -81 0 
-184 -82 0 
-185 -83 0 
-186 -84 0 
-187 -85 0 
-188 -69 0 
-189 -70 0 
-190 -71 0 
-191 -72 0 
-192 -73 0 
-193 -74 0 
-194 -75 0 
-195 -76 0 
-196 -77 0 
-197 -78 0 
-198 -79 0 
-199 -80 0 
-200 -81 0 
-201 -82 0 
-202 -83 0 
-203 -84 0 
-204 -85 0 
-205 -69 0 
-206 -70 0 
-207 -71 0 
-208 -72 0 
-209 -73 0 
-210 -74 0 
-211 -75 0 
-212 -76 0 
-213 -77 0 
-214 -78 0 
-215 -79 0 
-216 -80 0 
-217 -81 0 
-218 -82 0 
-219 -83 0 
-220 -84 0 
-221 -85 0 
-222 -69 0 
-223 -70 0 
-224 -71 0 
-225 -72 0 
-226 -73 0 
-227 -74 0 
-228 -75 0 
-229 -76 0 
-230 -77 0 
-231 -78 0 
-232 -79 0 
-233 -80 0 
-234 -81 0 
-235 -82 0 
-236 -83 0 
-237 -84 0 
-238 -85 0 
-239 -69 0 
-240 -70 0 
-241 -71 0 
-242 -72 0 
-243 -73 0 
-244 -74 0 
-245 -75 0 
-246 -76 0 
-247 -77 0 
-248 -78 0 
-249 -79 0 
-250 -80 0 
-251 -81 0 
-252 -82 0 
-253 -83 0 
-254 -84 0 
-255 -85 0 
-256 -69 0 
-257 -70 0 
-258 -71 0 
-259 -72 0 
-260 -73 0 
-261 -74 0 
-262 -75 0 
-263 -76 0 
-264 -77 0 
-265 -78 0 
-266 -79 0 
-267 -80 0 
-268 -81 0 
-269 -82 0 
-270 -83 0 
-271 -84 0 
-272 -85 0 
-273 -69 0 
-274 -70 0 
-275 -71 0 
-276 -72 0 
-277 -73 0 
-278 -74 0 
-279 -75 0 
-280 -76 0 
-281 -77 0 
-282 -78 0 
-283 -79 0 
-284 -80 0 
-285 -81 0 
-286 -82 0 
-287 -83 0 
-288 -84 0 
-289 -85 0 
-290 -69 0 
-291 -70 0 
-292 -71 0 
-293 -72 0 
-294 -73 0 
-295 -74 0 
-296 -75 0 
-297 -76 0 
-298 -77 0 
-299 -78 0 
-300 -79 0 
-301 -80 0 
-302 -81 0 
-303 -82 0 
-304 -83 0 
-305 -84 0 
-306 -85 0 
86 87 88 89 90 91 92 93 94 95 96 97 98 99 100 101 102 0 
-86 -87 0 
-86 -88 0 
-86 -89 0 
-86 -90 0 
-86 -91 0 
-86 -92 0 
-86 -93 0 
-86 -94 0 
-86 -95 0 
-86 -96 0 
-86 -97 0 
-86 -98 0 
-86 -99 0 
-86 -100 0 
-86 -101 0 
-86 -102 0 
-87 -88 0 
-87 -89 0 
-87 -90 0 
-87 -91 0 
-87 -92 0 
-87 -93 0 
-87 -94 0 
-87 -95 0 
-87 -96 0 
-87 -97 0 
-87 -98 0 
-87 -99 0 
-87 -100 0 
-87 -101 0 
-87 -102 0 
-88 -89 0 
-88 -90 0 
-88 -91 0 
-88 -92 0 
-88 -93 0 
-88 -94 0 
-88 -95 0 
-88 -96 0 
-88 -97 0 
-88 -98 0 
-88 -99 0 
-88 -100 0 
-88 -101 0 
-88 -102 0 
-89 -90 0 
-89 -91 0 
-89 -92 0 
-89 -93 0 
-89 -94 0 
-89 -95 0 
-89 -96 0 
-89 -97 0 
-89 -98 0 
-89 -99 0 
-89 -100 0 
-89 -101 0 
-89 -102 0 
-90 -91 0 
-90 -92 0 
-90 -93 0 
-90 -94 0 
-90 -95 0 
-90 -96 0 
-90 -97 0 
-90 -98 0 
-90 -99 0 
-90 -100 0 
-90 -101 0 
-90 -102 0 
-91 -92 0 
-91 -93 0 
-91 -94 0 
-91 -95 0 
-91 -96 0 
-91 -97 0 
-91 -98 0 
-91 -99 0 
-91 -100 0 
-91 -101 0 
-91 -102 0 
-92 -93 0 
-92 -94 0 
-92 -95 0 
-92 -96 0 
-92 -97 0 
-92 -98 0 
-92 -99 0 
-92 -100 0 
-92 -101 0 
-92 -102 0 
-93 -94 0 
-93 -95 0 
-93 -96 0 
-93 -97 0 
-93 -98 0 
-93 -99 0 
-93 -100 0 
-93 -101 0 
-93 -102 0 
-94 -95 0 
-94 -96 0 
-94 -97 0 
-94 -98 0 
-94 -99 0 
-94 -100 0 
-94 -101 0 
-94 -102 0 
-95 -96 0 
-95 -97 0 
-95 -98 0 
-95 -99 0 
-95 -100 0 
-95 -101 0 
-95 -102 0 
-96 -97 0 
-96 -98 0 
-96 -99 0 
-96 -100 0 
-96 -101 0 
-96 -102 0 
-97 -98 0 
-97 -99 0 
-97 -100 0 
-97 -101 0 
-97 -102 0 
-98 -99 0 
-98 -100 0 
-98 -101 0 
-98 -102 0 
-99 -100 0 
-99 -101 0 
-99 -102 0 
-100 -101 0 
-100 -102 0 
-101 -102 0 
-103 -86 0 
-104 -87 0 
-105 -88 0 
-106 -89 0 
-107 -90 0 
-108 -91 0 
-109 -92 0 
-110 -93 0 
-111 -94 0 
-112 -95 0 
-113 -96 0 
-114 -97 0 
-115 -98 0 
-116 -99 0 
-117 -100 0 
-118 -101 0 
-119 -102 0 
-120 -86 0 
-121 -87 0 
-122 -88 0 
-123 -89 0 
-124 -90 0 
-125 -91 0 
-126 -92 0 
-127 -93 0 
-128 -94 0 
-129 -95 0 
-130 -96 0 
-131 -97 0 
-132 -98 0 
-133 -99 0 
-134 -100 0 
-135 -101 0 
-136 -102 0 
-137 -86 0 
-138 -87 0 
-139 -88 0 
-140 -89 0 
-141 -90 0 
-142 -91 0 
-143 -92 0 
-144 -93 0 
-145 -94 0 
-146 -95 0 
-147 -96 0 
-148 -97 0 
-149 -98 0 
-150 -99 0 
-151 -100 0 
-152 -101 0 
-153 -102 0 
-154 -86 0 
-155 -87 0 
-156 -88 0 
-157 -89 0 
-158 -90 0 
-159 -91 0 
-160 -92 0 
-161 -93 0 
-162 -94 0 
-163 -95 0 
-164 -96 0 
-165 -97 0 
-166 -98 0 
-167 -99 0 
-168 -100 0 
-169 -101 0 
-170 -102 0 
-171 -86 0 
-172 -87 0 
-173 -88 0 
-174 -89 0 
-175 -90 0 
-176 -91 0 
-177 -92 0 
-178 -93 0 
-179 -94 0 
-180 -95 0 
-181 -96 0 
-182 -97 0 
-183 -98 0 
-184 -99 0 
-185 -100 0 
-186 -101 0 
-187 -102 0 
-188 -86 0 
-189 -87 0 
-190 -88 0 
-191 -89 0 
-192 -90 0 
-193 -91 0 
-194 -92 0 
-195 -93 0 
-196 -94 0 
-197 -95 0 
-198 -96 0 
-199 -97 0 
-200 -98 0 
-201 -99 0 
-202 -100 0 
-203 -101 0 
-204 -102 0 
-205 -86 0 
-206 -87 0 
-207 -88 0 
-208 -89 0 
-209 -90 0 
-210 -91 0 
-211 -92 0 
-212 -93 0 
-213 -94 0 
-214 -95 0 
-215 -96 0 
-216 -97 0 
-217 -98 0 
-218 -99 0 
-219 -100 0 
-220 -101 0 
-221 -102 0 
-222 -86 0 
-223 -87 0 
-224 -88 0 
-225 -89 0 
-226 -90 0 
-227 -91 0 
-228 -92 0 
-229 -93 0 
-230 -94 0 
-231 -95 0 
-232 -96 0 
-233 -97 0 
-234 -98 0 
-235 -99 0 
-236 -100 0 
-237 -101 0 
-238 -102 0 
-239 -86 0 
-240 -87 0 
-241 -88 0 
-242 -89 0 
-243 -90 0 
-244 -91 0 
-245 -92 0 
-246 -93 0 
-247 -94 0 
-248 -95 0 
-249 -96 0 
-250 -97 0 
-251 -98 0 
-252 -99 0 
-253 -100 0 
-254 -101 0 
-255 -102 0 
-256 -86 0 
-257 -87 0 
-258 -88 0 
-259 -89 0 
-260 -90 0 
-261 -91 0 
-262 -92 0 
-263 -93 0 
-264 -94 0 
-265 -95 0 
-266 -96 0 
-267 -97 0 
-268 -98 0 
-269 -99 0 
-270 -100 0 
-271 -101 0 
-272 -102 0 
-273 -86 0 
-274 -87 0 
-275 -88 0 
-276 -89 0 
-277 -90 0 
-278 -91 0 
-279 -92 0 
-280 -93 0 
-281 -94 0 
-282 -95 0 
-283 -96 0 
-284 -97 0 
-285 -98 0 
-286 -99 0 
-287 -100 0 
-288 -101 0 
-289 -102 0 
-290 -86 0 
-291 -87 0 
-292 -88 0 
-293 -89 0 
-294 -90 0 
-295 -91 0 
-296 -92 0 
-297 -93 0 
-298 -94 0 
-299 -95 0 
-300 -96 0 
-301 -97 0 
-302 -98 0 
-303 -99 0 
-304 -100 0 
-305 -101 0 
-306 -102 0 
103 104 105 106 107 108 109 110 111 112 113 114 115 116 117 118 119 0 
-103 -104 0 
-103 -105 0 
-103 -106 0 
-103 -107 0 
-103 -108 0 
-103 -109 0 
-103 -110 0 
-103 -111 0 
-103 -112 0 
-103 -113 0 
-103 -114 0 
-103 -115 0 
-103 -116 0 
-103 -117 0 
-103 -118 0 
-103 -119 0 
-104 -105 0 
-104 -106 0 
-104 -107 0 
-104 -108 0 
-104 -109 0 
-104 -110 0 
-104 -111 0 
-104 -112 0 
-104 -113 0 
-104 -114 0 
-104 -115 0 
-104 -116 0 
-104 -117 0 
-104 -118 0 
-104 -119 0 
-105 -106 0 
-105 -107 0 
-105 -108 0 
-105 -109 0 
-105 -110 0 
-105 -111 0 
-105 -112 0 
-105 -113 0 
-105 -114 0 
-105 -115 0 
-105 -116 0 
-105 -117 0 
-105 -118 0 
-105 -119 0 
-106 -107 0 
-106 -108 0 
-106 -109 0 
-106 -110 0 
-106 -111 0 
-106 -112 0 
-106 -113 0 
-106 -114 0 
-106 -115 0 
-106 -116 0 
-106 -117 0 
-106 -118 0 
-106 -119 0 
-107 -108 0 
-107 -109 0 
-107 -110 0 
-107 -111 0 
-107 -112 0 
-107 -113 0 
-107 -114 0 
-107 -115 0 
-107 -116 0 
-107 -117 0 
-107 -118 0 
-107 -119 0 
-108 -109 0 
-108 -110 0 
-108 -111 0 
-108 -112 0 
-108 -113 0 
-108 -114 0 
-108 -115 0 
-108 -116 0 
-108 -117 0 
-108 -118 0 
-108 -119 0 
-109 -110 0 
-109 -111 0 
-109 -112 0 
-109 -113 0 
-109 -114 0 
-109 -115 0 
-109 -116 0 
-109 -117 0 
-109 -118 0 
-109 -119 0 
-110 -111 0 
-110 -112 0 
-110 -113 0 
-110 -114 0 
-110 -115 0 
-110 -116 0 
-110 -117 0 
-110 -118 0 
-110 -119 0 
-111 -112 0 
-111 -113 0 
-111 -114 0 
-111 -115 0 
-111 -116 0 
-111 -117 0 
-111 -118 0 
-111 -119 0 
-112 -113 0 
-112 -114 0 
-112 -115 0 
-112 -116 0 
-112 -117 0 
-112 -118 0 
-112 -119 0 
-113 -114 0 
-113 -115 0 
-113 -116 0 
-113 -117 0 
-113 -118 0 
-113 -119 0 
-114 -115 0 
-114 -116 0 
-114 -117 0 
-114 -118 0 
-114 -119 0 
-115 -116 0 
-115 -117 0 
-115 -118 0 
-115 -119 0 
-116 -117 0 
-116 -118 0 
-116 -119 0 
-117 -118 0 
-117 -119 0 
-118 -119 0 
-120 -103 0 
-121 -104 0 
-122 -105 0 
-123 -106 0 
-124 -107 0 
-125 -108 0 
-126 -109 0 
-127 -110 0 
-128 -111 0 
-129 -112 0 
-130 -113 0 
-131 -114 0 
-132 -115 0 
-133 -116 0 
-134 -117 0 
-135 -118 0 
-136 -119 0 
-137 -103 0 
-138 -104 0 
-139 -105 0 
-140 -106 0 
-141 -107 0 
-142 -108 0 
-143 -109 0 
-144 -110 0 
-145 -111 0 
-146 -112 0 
-147 -113 0 
-148 -114 0 
-149 -115 0 
-150 -116 0 
-151 -117 0 
-152 -118 0 
-153 -119 0 
-154 -103 0 
-155 -104 0 
-156 -105 0 
-157 -106 0 
-158 -107 0 
-159 -108 0 
-160 -109 0 
-161 -110 0 
-162 -111 0 
-163 -112 0 
-164 -113 0 
-165 -114 0 
-166 -115 0 
-167 -116 0 
-168 -117 0 
-169 -118 0 
-170 -119 0 
-171 -103 0 
-172 -104 0 
-173 -105 0 
-174 -106 0 
-175 -107 0 
-176 -108 0 
-177 -109 0 
-178 -110 0 
-179 -111 0 
-180 -112 0 
-181 -113 0 
-182 -114 0 
-183 -115 0 
-184 -116 0 
-185 -117 0 
-186 -118 0 
-187 -119 0 
-188 -103 0 
-189 -104 0 
-190 -105 0 
-191 -106 0 
-192 -107 0 
-193 -108 0 
-194 -109 0 
-195 -110 0 
-196 -111 0 
-197 -112 0 
-198 -113 0 
-199 -114 0 
-200 -115 0 
-201 -116 0 
-202 -117 0 
-203 -118 0 
-204 -119 0 
-205 -103 0 
-206 -104 0 
-207 -105 0 
-208 -106 0 
-209 -107 0 
-210 -108 0 
-211 -109 0 
-212 -110 0 
-213 -111 0 
-214 -112 0 
-215 -113 0 
-216 -114 0 
-217 -115 0 
-218 -116 0 
-219 -117 0 
-220 -118 0 
-221 -119 0 
-222 -103 0 
-223 -104 0 
-224 -105 0 
-225 -106 0 
-226 -107 0 
-227 -108 0 
-228 -109 0 
-229 -110 0 
-230 -111 0 
-231 -112 0 
-232 -113 0 
-233 -114 0 
-234 -115 0 
-235 -116 0 
-236 -117 0 
-237 -118 0 
-238 -119 0 
-239 -103 0 
-240 -104 0 
-241 -105 0 
-242 -106 0 
-243 -107 0 
-244 -108 0 
-245 -109 0 
-246 -110 0 
-247 -111 0 
-248 -112 0 
-249 -113 0 
-250 -114 0 
-251 -115 0 
-252 -116 0 
-253 -117 0 
-254 -118 0 
-255 -119 0 
-256 -103 0 
-257 -104 0 
-258 -105 0 
-259 -106 0 
-260 -107 0 
-261 -108 0 
-262 -109 0 
-263 -110 0 
-264 -111 0 
-265 -112 0 
-266 -113 0 
-267 -114 0 
-268 -115 0 
-269 -116 0 
-270 -117 0 
-271 -118 0 
-272 -119 0 
-273 -103 0 
-274 -104 0 
-275 -105 0 
-276 -106 0 
-277 -107 0 
-278 -108 0 
-279 -109 0 
-280 -110 0 
-281 -111 0 
-282 -112 0 
-283 -113 0 
-284 -114 0 
-285 -115 0 
-286 -116 0 
-287 -117 0 
-288 -118 0 
-289 -119 0 
-290 -103 0 
-291 -104 0 
-292 -105 0 
-293 -106 0 
-294 -107 0 
-295 -108 0 
-296 -109 0 
-297 -110 0 
-298 -111 0 
-299 -112 0 
-300 -113 0 
-301 -114 0 
-302 -115 0 
-303 -116 0 
-304 -117 0 
-305 -118 0 
-306 -119 0 
120 121 122 123 124 125 126 127 128 129 130 131 132 133 134 135 136 0 
-120 -121 0 
-120 -122 0 
-120 -123 0 
-120 -124 0 
-120 -125 0 
-120 -126 0 
-120 -127 0 
-120 -128 0 
-120 -129 0 
-120 -130 0 
-120 -131 0 
-120 -132 0 
-120 -133 0 
-120 -134 0 
-120 -135 0 
-120 -136 0 
-121 -122 0 
-121 -123 0 
-121 -124 0 
-121 -125 0 
-121 -126 0 
-121 -127 0 
-121 -128 0 
-121 -129 0 
-121 -130 0 
-121 -131 0 
-121 -132 0 
-121 -133 0 
-121 -134 0 
-121 -135 0 
-121 -136 0 
-122 -123 0 
-122 -124 0 
-122 -125 0 
-122 -126 0 
-122 -127 0 
-122 -128 0 
-122 -129 0 
-122 -130 0 
-122 -131 0 
-122 -132 0 
-122 -133 0 
-122 -134 0 
-122 -135 0 
-122 -136 0 
-123 -124 0 
-123 -125 0 
-123 -126 0 
-123 -127 0 
-123 -128 0 
-123 -129 0 
-123 -130 0 
-123 -131 0 
-123 -132 0 
-123 -133 0 
-123 -134 0 
-123 -135 0 
-123 -136 0 
-124 -125 0 
-124 -126 0 
-124 -127 0 
-124 -128 0 
-124 -129 0 
-124 -130 0 
-124 -131 0 
-124 -132 0 
-124 -133 0 
-124 -134 0 
-124 -135 0 
-124 -136 0 
-125 -126 0 
-125 -127 0 
-125 -128 0 
-125 -129 0 
-125 -130 0 
-125 -131 0 
-125 -132 0 
-125 -133 0 
-125 -134 0 
-125 -135 0 
-125 -136 0 
-126 -127 0 
-126 -128 0 
-126 -129 0 
-126 -130 0 
-126 -131 0 
-126 -132 0 
-126 -133 0 
-126 -134 0 
-126 -135 0 
-126 -136 0 
-127 -128 0 
-127 -129 0 
-127 -130 0 
-127 -131 0 
-127 -132 0 
-127 -133 0 
-127 -134 0 
-127 -135 0 
-127 -136 0 
-128 -129 0 
-128 -130 0 
-128 -131 0 
-128 -132 0 
-128 -133 0 
-128 -134 0 
-128 -135 0 
-128 -136 0 
-129 -130 0 
-129 -131 0 
-129 -132 0 
-129 -133 0 
-129 -134 0 
-129 -135 0 
-129 -136 0 
-130 -131 0 
-130 -132 0 
-130 -133 0 
-130 -134 0 
-130 -135 0 
-130 -136 0 
-131 -132 0 
-131 -133 0 
-131 -134 0 
-131 -135 0 
-131 -136 0 
-132 -133 0 
-132 -134 0 
-132 -135 0 
-132 -136 0 
-133 -134 0 
-133 -135 0 
-133 -136 0 
-134 -135 0 
-134 -136 0 
-135 -136 0 
-137 -120 0 
-138 -121 0 
-139 -122 0 
-140 -123 0 
-141 -124 0 
-142 -125 0 
-143 -126 0 
-144 -127 0 
-145 -128 0 
-146 -129 0 
-147 -130 0 
-148 -131 0 
-149 -132 0 
-150 -133 0 
-151 -134 0 
-152 -135 0 
-153 -136 0 
-154 -120 0 
-155 -121 0 
-156 -122 0 
-157 -123 0 
-158 -124 0 
-159 -125 0 
-160 -126 0 
-161 -127 0 
-162 -128 0 
-163 -129 0 
-164 -130 0 
-165 -131 0 
-166 -132 0 
-167 -133 0 
-168 -134 0 
-169 -135 0 
-170 -136 0 
-171 -120 0 
-172 -121 0 
-173 -122 0 
-174 -123 0 
-175 -124 0 
-176 -125 0 
-177 -126 0 
-178 -127 0 
-179 -128 0 
-180 -129 0 
-181 -130 0 
-182 -131 0 
-183 -132 0 
-184 -133 0 
-185 -134 0 
-186 -135 0 
-187 -136 0 
-188 -120 0 
-189 -121 0 
-190 -122 0 
-191 -123 0 
-192 -124 0 
-193 -125 0 
-194 -126 0 
-195 -127 0 
-196 -128 0 
-197 -129 0 
-198 -130 0 
-199 -131 0 
-200 -132 0 
-201 -133 0 
-202 -134 0 
-203 -135 0 
-204 -136 0 
-205 -120 0 
-206 -121 0 
-207 -122 0 
-208 -123 0 
-209 -124 0 
-210 -125 0 
-211 -126 0 
-212 -127 0 
-213 -128 0 
-214 -129 0 
-215 -130 0 
-216 -131 0 
-217 -132 0 
-218 -133 0 
-219 -134 0 
-220 -135 0 
-221 -136 0 
-222 -120 0 
-223 -121 0 
-224 -122 0 
-225 -123 0 
-226 -124 0 
-227 -125 0 
-228 -126 0 
-229 -127 0 
-230 -128 0 
-231 -129 0 
-232 -130 0 
-233 -131 0 
-234 -132 0 
-235 -133 0 
-236 -134 0 
-237 -135 0 
-238 -136 0 
-239 -120 0 
-240 -121 0 
-241 -122 0 
-242 -123 0 
-243 -124 0 
-244 -125 0 
-245 -126 0 
-246 -127 0 
-247 -128 0 
-248 -129 0 
-249 -130 0 
-250 -131 0 
-251 -132 0 
-252 -133 0 
-253 -134 0 
-254 -135 0 
-255 -136 0 
-256 -120 0 
-257 -121 0 
-258 -122 0 
-259 -123 0 
-260 -124 0 
-261 -125 0 
-262 -126 0 
-263 -127 0 
-264 -128 0 
-265 -129 0 
-266 -130 0 
-267 -131 0 
-268 -132 0 
-269 -133 0 
-270 -134 0 
-271 -135 0 
-272 -136 0 
-273 -120 0 
-274 -121 0 
-275 -122 0 
-276 -123 0 
-277 -124 0 
-278 -125 0 
-279 -126 0 
-280 -127 0 
-281 -128 0 
-282 -129 0 
-283 -130 0 
-284 -131 0 
-285 -132 0 
-286 -133 0 
-287 -134 0 
-288 -135 0 
-289 -136 0 
-290 -120 0 
-291 -121 0 
-292 -122 0 
-293 -123 0 
-294 -124 0 
-295 -125 0 
-296 -126 0 
-297 -127 0 
-298 -128 0 
-299 -129 0 
-300 -130 0 
-301 -131 0 
-302 -132 0 
-303 -133 0 
-304 -134 0 
-305 -135 0 
-306 -136 0 
137 138 139 140 141 142 143 144 145 146 147 148 149 150 151 152 153 0 
-137 -138 0 
-137 -139 0 
-137 -140 0 
-137 -141 0 
-137 -142 0 
-137 -143 0 
-137 -144 0 
-137 -145 0 
-137 -146 0 
-137 -147 0 
-137 -148 0 
-137 -149 0 
-137 -150 0 
-137 -151 0 
-137 -152 0 
-137 -153 0 
-138 -139 0 
-138 -140 0 
-138 -141 0 
-138 -142 0 
-138 -143 0 
-138 -144 0 
-138 -145 0 
-138 -146 0 
-138 -147 0 
-138 -148 0 
-138 -149 0 
-138 -150 0 
-138 -151 0 
-138 -152 0 
-138 -153 0 
-139 -140 0 
-139 -141 0 
-139 -142 0 
-139 -143 0 
-139 -144 0 
-139 -145 0 
-139 -146 0 
-139 -147 0 
-139 -148 0 
-139 -149 0 
-139 -150 0 
-139 -151 0 
-139 -152 0 
-139 -153 0 
-140 -141 0 
-140 -142 0 
-140 -143 0 
-140 -144 0 
-140 -145 0 
-140 -146 0 
-140 -147 0 
-140 -148 0 
-140 -149 0 
-140 -150 0 
-140 -151 0 
-140 -152 0 
-140 -153 0 
-141 -142 0 
-141 -143 0 
-141 -144 0 
-141 -145 0 
-141 -146 0 
-141 -147 0 
-141 -148 0 
-141 -149 0 
-141 -150 0 
-141 -151 0 
-141 -152 0 
-141 -153 0 
-142 -143 0 
-142 -144 0 
-142 -145 0 
-142 -146 0 
-142 -147 0 
-142 -148 0 
-142 -149 0 
-142 -150 0 
-142 -151 0 
-142 -152 0 
-142 -153 0 
-143 -144 0 
-143 -145 0 
-143 -146 0 
-143 -147 0 
-143 -148 0 
-143 -149 0 
-143 -150 0 
-143 -151 0 
-143 -152 0 
-143 -153 0 
-144 -145 0 
-144 -146 0 
-144 -147 0 
-144 -148 0 
-144 -149 0 
-144 -150 0 
-144 -151 0 
-144 -152 0 
-144 -153 0 
-145 -146 0 
-145 -147 0 
-145 -148 0 
-145 -149 0 
-145 -150 0 
-145 -151 0 
-145 -152 0 
-145 -153 0 
-146 -147 0 
-146 -148 0 
-146 -149 0 
-146 -150 0 
-146 -151 0 
-146 -152 0 
-146 -153 0 
-147 -148 0 
-147 -149 0 
-147 -150 0 
-147 -151 0 
-147 -152 0 
-147 -153 0 
-148 -149 0 
-148 -150 0 
-148 -151 0 
-148 -152 0 
-148 -153 0 
-149 -150 0 
-149 -151 0 
-149 -152 0 
-149 -153 0 
-150 -151 0 
-150 -152 0 
-150 -153 0 
-151 -152 0 
-151 -153 0 
-152 -153 0 
-154 -137 0 
-155 -138 0 
-156 -139 0 
-157 -140 0 
-158 -141 0 
-159 -142 0 
-160 -143 0 
-161 -144 0 
-162 -145 0 
-163 -146 0 
-164 -147 0 
-165 -148 0 
-166 -149 0 
-167 -150 0 
-168 -151 0 
-169 -152 0 
-170 -153 0 
-171 -137 0 
-172 -138 0 
-173 -139 0 
-174 -140 0 
-175 -141 0 
-176 -142 0 
-177 -143 0 
-178 -144 0 
-179 -145 0 
-180 -146 0 
-181 -147 0 
-182 -148 0 
-183 -149 0 
-184 -150 0 
-185 -151 0 
-186 -152 0 
-187 -153 0 
-188 -137 0 
-189 -138 0 
-190 -139 0 
-191 -140 0 
-192 -141 0 
-193 -142 0 
-194 -143 0 
-195 -144 0 
-196 -145 0 
-197 -146 0 
-198 -147 0 
-199 -148 0 
-200 -149 0 
-201 -150 0 
-202 -151 0 
-203 -152 0 
-204 -153 0 
-205 -137 0 
-206 -138 0 
-207 -139 0 
-208 -140 0 
-209 -141 0 
-210 -142 0 
-211 -143 0 
-212 -144 0 
-213 -145 0 
-214 -146 0 
-215 -147 0 
-216 -148 0 
-217 -149 0 
-218 -150 0 
-219 -151 0 
-220 -152 0 
-221 -153 0 
-222 -137 0 
-223 -138 0 
-224 -139 0 
-225 -140 0 
-226 -141 0 
-227 -142 0 
-228 -143 0 
-229 -144 0 
-230 -145 0 
-231 -146 0 
-232 -147 0 
-233 -148 0 
-234 -149 0 
-235 -150 0 
-236 -151 0 
-237 -152 0 
-238 -153 0 
-239 -137 0 
-240 -138 0 
-241 -139 0 
-242 -140 0 
-243 -141 0 
-244 -142 0 
-245 -143 0 
-246 -144 0 
-247 -145 0 
-248 -146 0 
-249 -147 0 
-250 -148 0 
-251 -149 0 
-252 -150 0 
-253 -151 0 
-254 -152 0 
-255 -153 0 
-256 -137 0 
-257 -138 0 
-258 -139 0 
-259 -140 0 
-260 -141 0 
-261 -142 0 
-262 -143 0 
-263 -144 0 
-264 -145 0 
-265 -146 0 
-266 -147 0 
-267 -148 0 
-268 -149 0 
-269 -150 0 
-270 -151 0 
-271 -152 0 
-272 -153 0 
-273 -137 0 
-274 -138 0 
-275 -139 0 
-276 -140 0 
-277 -141 0 
-278 -142 0 
-279 -143 0 
-280 -144 0 
-281 -145 0 
-282 -146 0 
-283 -147 0 
-284 -148 0 
-285 -149 0 
-286 -150 0 
-287 -151 0 
-288 -152 0 
-289 -153 0 
-290 -137 0 
-291 -138 0 
-292 -139 0 
-293 -140 0 
-294 -141 0 
-295 -142 0 
-296 -143 0 
-297 -144 0 
-298 -145 0 
-299 -146 0 
-300 -147 0 
-301 -148 0 
-302 -149 0 
-303 -150 0 
-304 -151 0 
-305 -152 0 
-306 -153 0 
154 155 156 157 158 159 160 161 162 163 164 165 166 167 168 169 170 0 
-154 -155 0 
-154 -156 0 
-154 -157 0 
-154 -158 0 
-154 -159 0 
-154 -160 0 
-154 -161 0 
-154 -162 0 
-154 -163 0 
-154 -164 0 
-154 -165 0 
-154 -166 0 
-154 -167 0 
-154 -168 0 
-154 -169 0 
-154 -170 0 
-155 -156 0 
-155 -157 0 
-155 -158 0 
-155 -159 0 
-155 -160 0 
-155 -161 0 
-155 -162 0 
-155 -163 0 
-155 -164 0 
-155 -165 0 
-155 -166 0 
-155 -167 0 
-155 -168 0 
-155 -169 0 
-155 -170 0 
-156 -157 0 
-156 -158 0 
-156 -159 0 
-156 -160 0 
-156 -161 0 
-156 -162 0 
-156 -163 0 
-156 -164 0 
-156 -165 0 
-156 -166 0 
-156 -167 0 
-156 -168 0 
-156 -169 0 
-156 -170 0 
-157 -158 0 
-157 -159 0 
-157 -160 0 
-157 -161 0 
-157 -162 0 
-157 -163 0 
-157 -164 0 
-157 -165 0 
-157 -166 0 
-157 -167 0 
-157 -168 0 
-157 -169 0 
-157 -170 0 
-158 -159 0 
-158 -160 0 
-158 -161 0 
-158 -162 0 
-158 -163 0 
-158 -164 0 
-158 -165 0 
-158 -166 0 
-158 -167 0 
-158 -168 0 
-158 -169 0 
-158 -170 0 
-159 -160 0 
-159 -161 0 
-159 -162 0 
-159 -163 0 
-159 -164 0 
-159 -165 0 
-159 -166 0 
-159 -167 0 
-159 -168 0 
-159 -169 0 
-159 -170 0 
-160 -161 0 
-160 -162 0 
-160 -163 0 
-160 -164 0 
-160 -165 0 
-160 -166 0 
-160 -167 0 
-160 -168 0 
-160 -169 0 
-160 -170 0 
-161 -162 0 
-161 -163 0 
-161 -164 0 
-161 -165 0 
-161 -166 0 
-161 -167 0 
-161 -168 0 
-161 -169 0 
-161 -170 0 
-162 -163 0 
-162 -164 0 
-162 -165 0 
-162 -166 0 
-162 -167 0 
-162 -168 0 
-162 -169 0 
-162 -170 0 
-163 -164 0 
-163 -165 0 
-163 -166 0 
-163 -167 0 
-163 -168 0 
-163 -169 0 
-163 -170 0 
-164 -165 0 
-164 -166 0 
-164 -167 0 
-164 -168 0 
-164 -169 0 
-164 -170 0 
-165 -166 0 
-165 -167 0 
-165 -168 0 
-165 -169 0 
-165 -170 0 
-166 -167 0 
-166 -168 0 
-166 -169 0 
-166 -170 0 
-167 -168 0 
-167 -169 0 
-167 -170 0 
-168 -169 0 
-168 -170 0 
-169 -170 0 
-171 -154 0 
-172 -155 0 
-173 -156 0 
-174 -157 0 
-175 -158 0 
-176 -159 0 
-177 -160 0 
-178 -161 0 
-179 -162 0 
-180 -163 0 
-181 -164 0 
-182 -165 0 
-183 -166 0 
-184 -167 0 
-185 -168 0 
-186 -169 0 
-187 -170 0 
-188 -154 0 
-189 -155 0 
-190 -156 0 
-191 -157 0 
-192 -158 0 
-193 -159 0 
-194 -160 0 
-195 -161 0 
-196 -162 0 
-197 -163 0 
-198 -164 0 
-199 -165 0 
-200 -166 0 
-201 -167 0 
-202 -168 0 
-203 -169 0 
-204 -170 0 
-205 -154 0 
-206 -155 0 
-207 -156 0 
-208 -157 0 
-209 -158 0 
-210 -159 0 
-211 -160 0 
-212 -161 0 
-213 -162 0 
-214 -163 0 
-215 -164 0 
-216 -165 0 
-217 -166 0 
-218 -167 0 
-219 -168 0 
-220 -169 0 
-221 -170 0 
-222 -154 0 
-223 -155 0 
-224 -156 0 
-225 -157 0 
-226 -158 0 
-227 -159 0 
-228 -160 0 
-229 -161 0 
-230 -162 0 
-231 -163 0 
-232 -164 0 
-233 -165 0 
-234 -166 0 
-235 -167 0 
-236 -168 0 
-237 -169 0 
-238 -170 0 
-239 -154 0 
-240 -155 0 
-241 -156 0 
-242 -157 0 
-243 -158 0 
-244 -159 0 
-245 -160 0 
-246 -161 0 
-247 -162 0 
-248 -163 0 
-249 -164 0 
-250 -165 0 
-251 -166 0 
-252 -167 0 
-253 -168 0 
-254 -169 0 
-255 -170 0 
-256 -154 0 
-257 -155 0 
-258 -156 0 
-259 -157 0 
-260 -158 0 
-261 -159 0 
-262 -160 0 
-263 -161 0 
-264 -162 0 
-265 -163 0 
-266 -164 0 
-267 -165 0 
-268 -166 0 
-269 -167 0 
-270 -168 0 
-271 -169 0 
-272 -170 0 
-273 -154 0 
-274 -155 0 
-275 -156 0 
-276 -157 0 
-277 -158 0 
-278 -159 0 
-279 -160 0 
-280 -161 0 
-281 -162 0 
-282 -163 0 
-283 -164 0 
-284 -165 0 
-285 -166 0 
-286 -167 0 
-287 -168 0 
-288 -169 0 
-289 -170 0 
-290 -154 0 
-291 -155 0 
-292 -156 0 
-293 -157 0 
-294 -158 0 
-295 -159 0 
-296 -160 0 
-297 -161 0 
-298 -162 0 
-299 -163 0 
-300 -164 0 
-301 -165 0 
-302 -166 0 
-303 -167 0 
-304 -168 0 
-305 -169 0 
-306 -170 0 
171 172 173 174 175 176 177 178 179 180 181 182 183 184 185 186 187 0 
-171 -172 0 
-171 -173 0 
-171 -174 0 
-171 -175 0 
-171 -176 0 
-171 -177 0 
-171 -178 0 
-171 -179 0 
-171 -180 0 
-171 -181 0 
-171 -182 0 
-171 -183 0 
-171 -184 0 
-171 -185 0 
-171 -186 0 
-171 -187 0 
-172 -173 0 
-172 -174 0 
-172 -175 0 
-172 -176 0 
-172 -177 0 
-172 -178 0 
-172 -179 0 
-172 -180 0 
-172 -181 0 
-172 -182 0 
-172 -183 0 
-172 -184 0 
-172 -185 0 
-172 -186 0 
-172 -187 0 
-173 -174 0 
-173 -175 0 
-173 -176 0 
-173 -177 0 
-173 -178 0 
-173 -179 0 
-173 -180 0 
-173 -181 0 
-173 -182 0 
-173 -183 0 
-173 -184 0 
-173 -185 0 
-173 -186 0 
-173 -187 0 
-174 -175 0 
-174 -176 0 
-174 -177 0 
-174 -178 0 
-174 -179 0 
-174 -180 0 
-174 -181 0 
-174 -182 0 
-174 -183 0 
-174 -184 0 
-174 -185 0 
-174 -186 0 
-174 -187 0 
-175 -176 0 
-175 -177 0 
-175 -178 0 
-175 -179 0 
-175 -180 0 
-175 -181 0 
-175 -182 0 
-175 -183 0 
-175 -184 0 
-175 -185 0 
-175 -186 0 
-175 -187 0 
-176 -177 0 
-176 -178 0 
-176 -179 0 
-176 -180 0 
-176 -181 0 
-176 -182 0 
-176 -183 0 
-176 -184 0 
-176 -185 0 
-176 -186 0 
-176 -187 0 
-177 -178 0 
-177 -179 0 
-177 -180 0 
-177 -181 0 
-177 -182 0 
-177 -183 0 
-177 -184 0 
-177 -185 0 
-177 -186 0 
-177 -187 0 
-178 -179 0 
-178 -180 0 
-178 -181 0 
-178 -182 0 
-178 -183 0 
-178 -184 0 
-178 -185 0 
-178 -186 0 
-178 -187 0 
-179 -180 0 
-179 -181 0 
-179 -182 0 
-179 -183 0 
-179 -184 0 
-179 -185 0 
-179 -186 0 
-179 -187 0 
-180 -181 0 
-180 -182 0 
-180 -183 0 
-180 -184 0 
-180 -185 0 
-180 -186 0 
-180 -187 0 
-181 -182 0 
-181 -183 0 
-181 -184 0 
-181 -185 0 
-181 -186 0 
-181 -187 0 
-182 -183 0 
-182 -184 0 
-182 -185 0 
-182 -186 0 
-182 -187 0 
-183 -184 0 
-183 -185 0 
-183 -186 0 
-183 -187 0 
-184 -185 0 
-184 -186 0 
-184 -187 0 
-185 -186 0 
-185 -187 0 
-186 -187 0 
-188 -171 0 
-189 -172 0 
-190 -173 0 
-191 -174 0 
-192 -175 0 
-193 -176 0 
-194 -177 0 
-195 -178 0 
-196 -179 0 
-197 -180 0 
-198 -181 0 
-199 -182 0 
-200 -183 0 
-201 -184 0 
-202 -185 0 
-203 -186 0 
-204 -187 0 
-205 -171 0 
-206 -172 0 
-207 -173 0 
-208 -174 0 
-209 -175 0 
-210 -176 0 
-211 -177 0 
-212 -178 0 
-213 -179 0 
-214 -180 0 
-215 -181 0 
-216 -182 0 
-217 -183 0 
-218 -184 0 
-219 -185 0 
-220 -186 0 
-221 -187 0 
-222 -171 0 
-223 -172 0 
-224 -173 0 
-225 -174 0 
-226 -175 0 
-227 -176 0 
-228 -177 0 
-229 -178 0 
-230 -179 0 
-231 -180 0 
-232 -181 0 
-233 -182 0 
-234 -183 0 
-235 -184 0 
-236 -185 0 
-237 -186 0 
-238 -187 0 
-239 -171 0 
-240 -172 0 
-241 -173 0 
-242 -174 0 
-243 -175 0 
-244 -176 0 
-245 -177 0 
-246 -178 0 
-247 -179 0 
-248 -180 0 
-249 -181 0 
-250 -182 0 
-251 -183 0 
-252 -184 0 
-253 -185 0 
-254 -186 0 
-255 -187 0 
-256 -171 0 
-257 -172 0 
-258 -173 0 
-259 -174 0 
-260 -175 0 
-261 -176 0 
-262 -177 0 
-263 -178 0 
-264 -179 0 
-265 -180 0 
-266 -181 0 
-267 -182 0 
-268 -183 0 
-269 -184 0 
-270 -185 0 
-271 -186 0 
-272 -187 0 
-273 -171 0 
-274 -172 0 
-275 -173 0 
-276 -174 0 
-277 -175 0 
-278 -176 0 
-279 -177 0 
-280 -178 0 
-281 -179 0 
-282 -180 0 
-283 -181 0 
-284 -182 0 
-285 -183 0 
-286 -184 0 
-287 -185 0 
-288 -186 0 
-289 -187 0 
-290 -171 0 
-291 -172 0 
-292 -173 0 
-293 -174 0 
-294 -175 0 
-295 -176 0 
-296 -177 0 
-297 -178 0 
-298 -179 0 
-299 -180 0 
-300 -181 0 
-301 -182 0 
-302 -183 0 
-303 -184 0 
-304 -185 0 
-305 -186 0 
-306 -187 0 
188 189 190 191 192 193 194 195 196 197 198 199 200 201 202 203 204 0 
-188 -189 0 
-188 -190 0 
-188 -191 0 
-188 -192 0 
-188 -193 0 
-188 -194 0 
-188 -195 0 
-188 -196 0 
-188 -197 0 
-188 -198 0 
-188 -199 0 
-188 -200 0 
-188 -201 0 
-188 -202 0 
-188 -203 0 
-188 -204 0 
-189 -190 0 
-189 -191 0 
-189 -192 0 
-189 -193 0 
-189 -194 0 
-189 -195 0 
-189 -196 0 
-189 -197 0 
-189 -198 0 
-189 -199 0 
-189 -200 0 
-189 -201 0 
-189 -202 0 
-189 -203 0 
-189 -204 0 
-190 -191 0 
-190 -192 0 
-190 -193 0 
-190 -194 0 
-190 -195 0 
-190 -196 0 
-190 -197 0 
-190 -198 0 
-190 -199 0 
-190 -200 0 
-190 -201 0 
-190 -202 0 
-190 -203 0 
-190 -204 0 
-191 -192 0 
-191 -193 0 
-191 -194 0 
-191 -195 0 
-191 -196 0 
-191 -197 0 
-191 -198 0 
-191 -199 0 
-191 -200 0 
-191 -201 0 
-191 -202 0 
-191 -203 0 
-191 -204 0 
-192 -193 0 
-192 -194 0 
-192 -195 0 
-192 -196 0 
-192 -197 0 
-192 -198 0 
-192 -199 0 
-192 -200 0 
-192 -201 0 
-192 -202 0 
-192 -203 0 
-192 -204 0 
-193 -194 0 
-193 -195 0 
-193 -196 0 
-193 -197 0 
-193 -198 0 
-193 -199 0 
-193 -200 0 
-193 -201 0 
-193 -202 0 
-193 -203 0 
-193 -204 0 
-194 -195 0 
-194 -196 0 
-194 -197 0 
-194 -198 0 
-194 -199 0 
-194 -200 0 
-194 -201 0 
-194 -202 0 
-194 -203 0 
-194 -204 0 
-195 -196 0 
-195 -197 0 
-195 -198 0 
-195 -199 0 
-195 -200 0 
-195 -201 0 
-195 -202 0 
-195 -203 0 
-195 -204 0 
-196 -197 0 
-196 -198 0 
-196 -199 0 
-196 -200 0 
-196 -201 0 
-196 -202 0 
-196 -203 0 
-196 -204 0 
-197 -198 0 
-197 -199 0 
-197 -200 0 
-197 -201 0 
-197 -202 0 
-197 -203 0 
-197 -204 0 
-198 -199 0 
-198 -200 0 
-198 -201 0 
-198 -202 0 
-198 -203 0 
-198 -204 0 
-199 -200 0 
-199 -201 0 
-199 -202 0 
-199 -203 0 
-199 -204 0 
-200 -201 0 
-200 -202 0 
-200 -203 0 
-200 -204 0 
-201 -202 0 
-201 -203 0 
-201 -204 0 
-202 -203 0 
-202 -204 0 
-203 -204 0 
-205 -188 0 
-206 -189 0 
-207 -190 0 
-208 -191 0 
-209 -192 0 
-210 -193 0 
-211 -194 0 
-212 -195 0 
-213 -196 0 
-214 -197 0 
-215 -198 0 
-216 -199 0 
-217 -200 0 
-218 -201 0 
-219 -202 0 
-220 -203 0 
-221 -204 0 
-222 -188 0 
-223 -189 0 
-224 -190 0 
-225 -191 0 
-226 -192 0 
-227 -193 0 
-228 -194 0 
-229 -195 0 
-230 -196 0 
-231 -197 0 
-232 -198 0 
-233 -199 0 
-234 -200 0 
-235 -201 0 
-236 -202 0 
-237 -203 0 
-238 -204 0 
-239 -188 0 
-240 -189 0 
-241 -190 0 
-242 -191 0 
-243 -192 0 
-244 -193 0 
-245 -194 0 
-246 -195 0 
-247 -196 0 
-248 -197 0 
-249 -198 0 
-250 -199 0 
-251 -200 0 
-252 -201 0 
-253 -202 0 
-254 -203 0 
-255 -204 0 
-256 -188 0 
-257 -189 0 
-258 -190 0 
-259 -191 0 
-260 -192 0 
-261 -193 0 
-262 -194 0 
-263 -195 0 
-264 -196 0 
-265 -197 0 
-266 -198 0 
-267 -199 0 
-268 -200 0 
-269 -201 0 
-270 -202 0 
-271 -203 0 
-272 -204 0 
-273 -188 0 
-274 -189 0 
-275 -190 0 
-276 -191 0 
-277 -192 0 
-278 -193 0 
-279 -194 0 
-280 -195 0 
-281 -196 0 
-282 -197 0 
-283 -198 0 
-284 -199 0 
-285 -200 0 
-286 -201 0 
-287 -202 0 
-288 -203 0 
-289 -204 0 
-290 -188 0 
-291 -189 0 
-292 -190 0 
-293 -191 0 
-294 -192 0 
-295 -193 0 
-296 -194 0 
-297 -195 0 
-298 -196 0 
-299 -197 0 
-300 -198 0 
-301 -199 0 
-302 -200 0 
-303 -201 0 
-304 -202 0 
-305 -203 0 
-306 -204 0 
205 206 207 208 209 210 211 212 213 214 215 216 217 218 219 220 221 0 
-205 -206 0 
-205 -207 0 
-205 -208 0 
-205 -209 0 
-205 -210 0 
-205 -211 0 
-205 -212 0 
-205 -213 0 
-205 -214 0 
-205 -215 0 
-205 -216 0 
-205 -217 0 
-205 -218 0 
-205 -219 0 
-205 -220 0 
-205 -221 0 
-206 -207 0 
-206 -208 0 
-206 -209 0 
-206 -210 0 
-206 -211 0 
-206 -212 0 
-206 -213 0 
-206 -214 0 
-206 -215 0 
-206 -216 0 
-206 -217 0 
-206 -218 0 
-206 -219 0 
-206 -220 0 
-206 -221 0 
-207 -208 0 
-207 -209 0 
-207 -210 0 
-207 -211 0 
-207 -212 0 
-207 -213 0 
-207 -214 0 
-207 -215 0 
-207 -216 0 
-207 -217 0 
-207 -218 0 
-207 -219 0 
-207 -220 0 
-207 -221 0 
-208 -209 0 
-208 -210 0 
-208 -211 0 
-208 -212 0 
-208 -213 0 
-208 -214 0 
-208 -215 0 
-208 -216 0 
-208 -217 0 
-208 -218 0 
-208 -219 0 
-208 -220 0 
-208 -221 0 
-209 -210 0 
-209 -211 0 
-209 -212 0 
-209 -213 0 
-209 -214 0 
-209 -215 0 
-209 -216 0 
-209 -217 0 
-209 -218 0 
-209 -219 0 
-209 -220 0 
-209 -221 0 
-210 -211 0 
-210 -212 0 
-210 -213 0 
-210 -214 0 
-210 -215 0 
-210 -216 0 
-210 -217 0 
-210 -218 0 
-210 -219 0 
-210 -220 0 
-210 -221 0 
-211 -212 0 
-211 -213 0 
-211 -214 0 
-211 -215 0 
-211 -216 0 
-211 -217 0 
-211 -218 0 
-211 -219 0 
-211 -220 0 
-211 -221 0 
-212 -213 0 
-212 -214 0 
-212 -215 0 
-212 -216 0 
-212 -217 0 
-212 -218 0 
-212 -219 0 
-212 -220 0 
-212 -221 0 
-213 -214 0 
-213 -215 0 
-213 -216 0 
-213 -217 0 
-213 -218 0 
-213 -219 0 
-213 -220 0 
-213 -221 0 
-214 -215 0 
-214 -216 0 
-214 -217 0 
-214 -218 0 
-214 -219 0 
-214 -220 0 
-214 -221 0 
-215 -216 0 
-215 -217 0 
-215 -218 0 
-215 -219 0 
-215 -220 0 
-215 -221 0 
-216 -217 0 
-216 -218 0 
-216 -219 0 
-216 -220 0 
-216 -221 0 
-217 -218 0 
-217 -219 0 
-217 -220 0 
-217 -221 0 
-218 -219 0 
-218 -220 0 
-218 -221 0 
-219 -220 0 
-219 -221 0 
-220 -221 0 
-222 -205 0 
-223 -206 0 
-224 -207 0 
-225 -208 0 
-226 -209 0 
-227 -210 0 
-228 -211 0 
-229 -212 0 
-230 -213 0 
-231 -214 0 
-232 -215 0 
-233 -216 0 
-234 -217 0 
-235 -218 0 
-236 -219 0 
-237 -220 0 
-238 -221 0 
-239 -205 0 
-240 -206 0 
-241 -207 0 
-242 -208 0 
-243 -209 0 
-244 -210 0 
-245 -211 0 
-246 -212 0 
-247 -213 0 
-248 -214 0 
-249 -215 0 
-250 -216 0 
-251 -217 0 
-252 -218 0 
-253 -219 0 
-254 -220 0 
-255 -221 0 
-256 -205 0 
-257 -206 0 
-258 -207 0 
-259 -208 0 
-260 -209 0 
-261 -210 0 
-262 -211 0 
-263 -212 0 
-264 -213 0 
-265 -214 0 
-266 -215 0 
-267 -216 0 
-268 -217 0 
-269 -218 0 
-270 -219 0 
-271 -220 0 
-272 -221 0 
-273 -205 0 
-274 -206 0 
-275 -207 0 
-276 -208 0 
-277 -209 0 
-278 -210 0 
-279 -211 0 
-280 -212 0 
-281 -213 0 
-282 -214 0 
-283 -215 0 
-284 -216 0 
-285 -217 0 
-286 -218 0 
-287 -219 0 
-288 -220 0 
-289 -221 0 
-290 -205 0 
-291 -206 0 
-292 -207 0 
-293 -208 0 
-294 -209 0 
-295 -210 0 
-296 -211 0 
-297 -212 0 
-298 -213 0 
-299 -214 0 
-300 -215 0 
-301 -216 0 
-302 -217 0 
-303 -218 0 
-304 -219 0 
-305 -220 0 
-306 -221 0 
222 223 224 225 226 227 228 229 230 231 232 233 234 235 236 237 238 0 
-222 -223 0 
-222 -224 0 
-222 -225 0 
-222 -226 0 
-222 -227 0 
-222 -228 0 
-222 -229 0 
-222 -230 0 
-222 -231 0 
-222 -232 0 
-222 -233 0 
-222 -234 0 
-222 -235 0 
-222 -236 0 
-222 -237 0 
-222 -238 0 
-223 -224 0 
-223 -225 0 
-223 -226 0 
-223 -227 0 
-223 -228 0 
-223 -229 0 
-223 -230 0 
-223 -231 0 
-223 -232 0 
-223 -233 0 
-223 -234 0 
-223 -235 0 
-223 -236 0 
-223 -237 0 
-223 -238 0 
-224 -225 0 
-224 -226 0 
-224 -227 0 
-224 -228 0 
-224 -229 0 
-224 -230 0 
-224 -231 0 
-224 -232 0 
-224 -233 0 
-224 -234 0 
-224 -235 0 
-224 -236 0 
-224 -237 0 
-224 -238 0 
-225 -226 0 
-225 -227 0 
-225 -228 0 
-225 -229 0 
-225 -230 0 
-225 -231 0 
-225 -232 0 
-225 -233 0 
-225 -234 0 
-225 -235 0 
-225 -236 0 
-225 -237 0 
-225 -238 0 
-226 -227 0 
-226 -228 0 
-226 -229 0 
-226 -230 0 
-226 -231 0 
-226 -232 0 
-226 -233 0 
-226 -234 0 
-226 -235 0 
-226 -236 0 
-226 -237 0 
-226 -238 0 
-227 -228 0 
-227 -229 0 
-227 -230 0 
-227 -231 0 
-227 -232 0 
-227 -233 0 
-227 -234 0 
-227 -235 0 
-227 -236 0 
-227 -237 0 
-227 -238 0 
-228 -229 0 
-228 -230 0 
-228 -231 0 
-228 -232 0 
-228 -233 0 
-228 -234 0 
-228 -235 0 
-228 -236 0 
-228 -237 0 
-228 -238 0 
-229 -230 0 
-229 -231 0 
-229 -232 0 
-229 -233 0 
-229 -234 0 
-229 -235 0 
-229 -236 0 
-229 -237 0 
-229 -238 0 
-230 -231 0 
-230 -232 0 
-230 -233 0 
-230 -234 0 
-230 -235 0 
-230 -236 0 
-230 -237 0 
-230 -238 0 
-231 -232 0 
-231 -233 0 
-231 -234 0 
-231 -235 0 
-231 -236 0 
-231 -237 0 
-231 -238 0 
-232 -233 0 
-232 -234 0 
-232 -235 0 
-232 -236 0 
-232 -237 0 
-232 -238 0 
-233 -234 0 
-233 -235 0 
-233 -236 0 
-233 -237 0 
-233 -238 0 
-234 -235 0 
-234 -236 0 
-234 -237 0 
-234 -238 0 
-235 -236 0 
-235 -237 0 
-235 -238 0 
-236 -237 0 
-236 -238 0 
-237 -238 0 
-239 -222 0 
-240 -223 0 
-241 -224 0 
-242 -225 0 
-243 -226 0 
-244 -227 0 
-245 -228 0 
-246 -229 0 
-247 -230 0 
-248 -231 0 
-249 -232 0 
-250 -233 0 
-251 -234 0 
-252 -235 0 
-253 -236 0 
-254 -237 0 
-255 -238 0 
-256 -222 0 
-257 -223 0 
-258 -224 0 
-259 -225 0 
-260 -226 0 
-261 -227 0 
-262 -228 0 
-263 -229 0 
-264 -230 0 
-265 -231 0 
-266 -232 0 
-267 -233 0 
-268 -234 0 
-269 -235 0 
-270 -236 0 
-271 -237 0 
-272 -238 0 
-273 -222 0 
-274 -223 0 
-275 -224 0 
-276 -225 0 
-277 -226 0 
-278 -227 0 
-279 -228 0 
-280 -229 0 
-281 -230 0 
-282 -231 0 
-283 -232 0 
-284 -233 0 
-285 -234 0 
-286 -235 0 
-287 -236 0 
-288 -237 0 
-289 -238 0 
-290 -222 0 
-291 -223 0 
-292 -224 0 
-293 -225 0 
-294 -226 0 
-295 -227 0 
-296 -228 0 
-297 -229 0 
-298 -230 0 
-299 -231 0 
-300 -232 0 
-301 -233 0 
-302 -234 0 
-303 -235 0 
-304 -236 0 
-305 -237 0 
-306 -238 0 
239 240 241 242 243 244 245 246 247 248 249 250 251 252 253 254 255 0 
-239 -240 0 
-239 -241 0 
-239 -242 0 
-239 -243 0 
-239 -244 0 
-239 -245 0 
-239 -246 0 
-239 -247 0 
-239 -248 0 
-239 -249 0 
-239 -250 0 
-239 -251 0 
-239 -252 0 
-239 -253 0 
-239 -254 0 
-239 -255 0 
-240 -241 0 
-240 -242 0 
-240 -243 0 
-240 -244 0 
-240 -245 0 
-240 -246 0 
-240 -247 0 
-240 -248 0 
-240 -249 0 
-240 -250 0 
-240 -251 0 
-240 -252 0 
-240 -253 0 
-240 -254 0 
-240 -255 0 
-241 -242 0 
-241 -243 0 
-241 -244 0 
-241 -245 0 
-241 -246 0 
-241 -247 0 
-241 -248 0 
-241 -249 0 
-241 -250 0 
-241 -251 0 
-241 -252 0 
-241 -253 0 
-241 -254 0 
-241 -255 0 
-242 -243 0 
-242 -244 0 
-242 -245 0 
-242 -246 0 
-242 -247 0 
-242 -248 0 
-242 -249 0 
-242 -250 0 
-242 -251 0 
-242 -252 0 
-242 -253 0 
-242 -254 0 
-242 -255 0 
-243 -244 0 
-243 -245 0 
-243 -246 0 
-243 -247 0 
-243 -248 0 
-243 -249 0 
-243 -250 0 
-243 -251 0 
-243 -252 0 
-243 -253 0 
-243 -254 0 
-243 -255 0 
-244 -245 0 
-244 -246 0 
-244 -247 0 
-244 -248 0 
-244 -249 0 
-244 -250 0 
-244 -251 0 
-244 -252 0 
-244 -253 0 
-244 -254 0 
-244 -255 0 
-245 -246 0 
-245 -247 0 
-245 -248 0 
-245 -249 0 
-245 -250 0 
-245 -251 0 
-245 -252 0 
-245 -253 0 
-245 -254 0 
-245 -255 0 
-246 -247 0 
-246 -248 0 
-246 -249 0 
-246 -250 0 
-246 -251 0 
-246 -252 0 
-246 -253 0 
-246 -254 0 
-246 -255 0 
-247 -248 0 
-247 -249 0 
-247 -250 0 
-247 -251 0 
-247 -252 0 
-247 -253 0 
-247 -254 0 
-247 -255 0 
-248 -249 0 
-248 -250 0 
-248 -251 0 
-248 -252 0 
-248 -253 0 
-248 -254 0 
-248 -255 0 
-249 -250 0 
-249 -251 0 
-249 -252 0 
-249 -253 0 
-249 -254 0 
-249 -255 0 
-250 -251 0 
-250 -252 0 
-250 -253 0 
-250 -254 0 
-250 -255 0 
-251 -252 0 
-251 -253 0 
-251 -254 0 
-251 -255 0 
-252 -253 0 
-252 -254 0 
-252 -255 0 
-253 -254 0 
-253 -255 0 
-254 -255 0 
-256 -239 0 
-257 -240 0 
-258 -241 0 
-259 -242 0 
-260 -243 0 
-261 -244 0 
-262 -245 0 
-263 -246 0 
-264 -247 0 
-265 -248 0 
-266 -249 0 
-267 -250 0 
-268 -251 0 
-269 -252 0 
-270 -253 0 
-271 -254 0 
-272 -255 0 
-273 -239 0 
-274 -240 0 
-275 -241 0 
-276 -242 0 
-277 -243 0 
-278 -244 0 
-279 -245 0 
-280 -246 0 
-281 -247 0 
-282 -248 0 
-283 -249 0 
-284 -250 0 
-285 -251 0 
-286 -252 0 
-287 -253 0 
-288 -254 0 
-289 -255 0 
-290 -239 0 
-291 -240 0 
-292 -241 0 
-293 -242 0 
-294 -243 0 
-295 -244 0 
-296 -245 0 
-297 -246 0 
-298 -247 0 
-299 -248 0 
-300 -249 0 
-301 -250 0 
-302 -251 0 
-303 -252 0 
-304 -253 0 
-305 -254 0 
-306 -255 0 
256 257 258 259 260 261 262 263 264 265 266 267 268 269 270 271 272 0 
-256 -257 0 
-256 -258 0 
-256 -259 0 
-256 -260 0 
-256 -261 0 
-256 -262 0 
-256 -263 0 
-256 -264 0 
-256 -265 0 
-256 -266 0 
-256 -267 0 
-256 -268 0 
-256 -269 0 
-256 -270 0 
-256 -271 0 
-256 -272 0 
-257 -258 0 
-257 -259 0 
-257 -260 0 
-257 -261 0 
-257 -262 0 
-257 -263 0 
-257 -264 0 
-257 -265 0 
-257 -266 0 
-257 -267 0 
-257 -268 0 
-257 -269 0 
-257 -270 0 
-257 -271 0 
-257 -272 0 
-258 -259 0 
-258 -260 0 
-258 -261 0 
-258 -262 0 
-258 -263 0 
-258 -264 0 
-258 -265 0 
-258 -266 0 
-258 -267 0 
-258 -268 0 
-258 -269 0 
-258 -270 0 
-258 -271 0 
-258 -272 0 
-259 -260 0 
-259 -261 0 
-259 -262 0 
-259 -263 0 
-259 -264 0 
-259 -265 0 
-259 -266 0 
-259 -267 0 
-259 -268 0 
-259 -269 0 
-259 -270 0 
-259 -271 0 
-259 -272 0 
-260 -261 0 
-260 -262 0 
-260 -263 0 
-260 -264 0 
-260 -265 0 
-260 -266 0 
-260 -267 0 
-260 -268 0 
-260 -269 0 
-260 -270 0 
-260 -271 0 
-260 -272 0 
-261 -262 0 
-261 -263 0 
-261 -264 0 
-261 -265 0 
-261 -266 0 
-261 -267 0 
-261 -268 0 
-261 -269 0 
-261 -270 0 
-261 -271 0 
-261 -272 0 
-262 -263 0 
-262 -264 0 
-262 -265 0 
-262 -266 0 
-262 -267 0 
-262 -268 0 
-262 -269 0 
-262 -270 0 
-262 -271 0 
-262 -272 0 
-263 -264 0 
-263 -265 0 
-263 -266 0 
-263 -267 0 
-263 -268 0 
-263 -269 0 
-263 -270 0 
-263 -271 0 
-263 -272 0 
-264 -265 0 
-264 -266 0 
-264 -267 0 
-264 -268 0 
-264 -269 0 
-264 -270 0 
-264 -271 0 
-264 -272 0 
-265 -266 0 
-265 -267 0 
-265 -268 0 
-265 -269 0 
-265 -270 0 
-265 -271 0 
-265 -272 0 
-266 -267 0 
-266 -268 0 
-266 -269 0 
-266 -270 0 
-266 -271 0 
-266 -272 0 
-267 -268 0 
-267 -269 0 
-267 -270 0 
-267 -271 0 
-267 -272 0 
-268 -269 0 
-268 -270 0 
-268 -271 0 
-268 -272 0 
-269 -270 0 
-269 -271 0 
-269 -272 0 
-270 -271 0 
-270 -272 0 
-271 -272 0 
-273 -256 0 
-274 -257 0 
-275 -258 0 
-276 -259 0 
-277 -260 0 
-278 -261 0 
-279 -262 0 
-280 -263 0 
-281 -264 0 
-282 -265 0 
-283 -266 0 
-284 -267 0 
-285 -268 0 
-286 -269 0 
-287 -270 0 
-288 -271 0 
-289 -272 0 
-290 -256 0 
-291 -257 0 
-292 -258 0 
-293 -259 0 
-294 -260 0 
-295 -261 0 
-296 -262 0 
-297 -263 0 
-298 -264 0 
-299 -265 0 
-300 -266 0 
-301 -267 0 
-302 -268 0 
-303 -269 0 
-304 -270 0 
-305 -271 0 
-306 -272 0 
273 274 275 276 277 278 279 280 281 282 283 284 285 286 287 288 289 0 
-273 -274 0 
-273 -275 0 
-273 -276 0 
-273 -277 0 
-273 -278 0 
-273 -279 0 
-273 -280 0 
-273 -281 0 
-273 -282 0 
-273 -283 0 
-273 -284 0 
-273 -285 0 
-273 -286 0 
-273 -287 0 
-273 -288 0 
-273 -289 0 
-274 -275 0 
-274 -276 0 
-274 -277 0 
-274 -278 0 
-274 -279 0 
-274 -280 0 
-274 -281 0 
-274 -282 0 
-274 -283 0 
-274 -284 0 
-274 -285 0 
-274 -286 0 
-274 -287 0 
-274 -288 0 
-274 -289 0 
-275 -276 0 
-275 -277 0 
-275 -278 0 
-275 -279 0 
-275 -280 0 
-275 -281 0 
-275 -282 0 
-275 -283 0 
-275 -284 0 
-275 -285 0 
-275 -286 0 
-275 -287 0 
-275 -288 0 
-275 -289 0 
-276 -277 0 
-276 -278 0 
-276 -279 0 
-276 -280 0 
-276 -281 0 
-276 -282 0 
-276 -283 0 
-276 -284 0 
-276 -285 0 
-276 -286 0 
-276 -287 0 
-276 -288 0 
-276 -289 0 
-277 -278 0 
-277 -279 0 
-277 -280 0 
-277 -281 0 
-277 -282 0 
-277 -283 0 
-277 -284 0 
-277 -285 0 
-277 -286 0 
-277 -287 0 
-277 -288 0 
-277 -289 0 
-278 -279 0 
-278 -280 0 
-278 -281 0 
-278 -282 0 
-278 -283 0 
-278 -284 0 
-278 -285 0 
-278 -286 0 
-278 -287 0 
-278 -288 0 
-278 -289 0 
-279 -280 0 
-279 -281 0 
-279 -282 0 
-279 -283 0 
-279 -284 0 
-279 -285 0 
-279 -286 0 
-279 -287 0 
-279 -288 0 
-279 -289 0 
-280 -281 0 
-280 -282 0 
-280 -283 0 
-280 -284 0 
-280 -285 0 
-280 -286 0 
-280 -287 0 
-280 -288 0 
-280 -289 0 
-281 -282 0 
-281 -283 0 
-281 -284 0 
-281 -285 0 
-281 -286 0 
-281 -287 0 
-281 -288 0 
-281 -289 0 
-282 -283 0 
-282 -284 0 
-282 -285 0 
-282 -286 0 
-282 -287 0 
-282 -288 0 
-282 -289 0 
-283 -284 0 
-283 -285 0 
-283 -286 0 
-283 -287 0 
-283 -288 0 
-283 -289 0 
-284 -285 0 
-284 -286 0 
-284 -287 0 
-284 -288 0 
-284 -289 0 
-285 -286 0 
-285 -287 0 
-285 -288 0 
-285 -289 0 
-286 -287 0 
-286 -288 0 
-286 -289 0 
-287 -288 0 
-287 -289 0 
-288 -289 0 
-290 -273 0 
-291 -274 0 
-292 -275 0 
-293 -276 0 
-294 -277 0 
-295 -278 0 
-296 -279 0 
-297 -280 0 
-298 -281 0 
-299 -282 0 
-300 -283 0 
-301 -284 0 
-302 -285 0 
-303 -286 0 
-304 -287 0 
-305 -288 0 
-306 -289 0 
290 291 292 293 294 295 296 297 298 299 300 301 302 303 304 305 306 0 
-290 -291 0 
-290 -292 0 
-290 -293 0 
-290 -294 0 
-290 -295 0 
-290 -296 0 
-290 -297 0 
-290 -298 0 
-290 -299 0 
-290 -300 0 
-290 -301 0 
-290 -302 0 
-290 -303 0 
-290 -304 0 
-290 -305 0 
-290 -306 0 
-291 -292 0 
-291 -293 0 
-291 -294 0 
-291 -295 0 
-291 -296 0 
-291 -297 0 
-291 -298 0 
-291 -299 0 
-291 -300 0 
-291 -301 0 
-291 -302 0 
-291 -303 0 
-291 -304 0 
-291 -305 0 
-291 -306 0 
-292 -293 0 
-292 -294 0 
-292 -295 0 
-292 -296 0 
-292 -297 0 
-292 -298 0 
-292 -299 0 
-292 -300 0 
-292 -301 0 
-292 -302 0 
-292 -303 0 
-292 -304 0 
-292 -305 0 
-292 -306 0 
-293 -294 0 
-293 -295 0 
-293 -296 0 
-293 -297 0 
-293 -298 0 
-293 -299 0 
-293 -300 0 
-293 -301 0 
-293 -302 0 
-293 -303 0 
-293 -304 0 
-293 -305 0 
-293 -306 0 
-294 -295 0 
-294 -296 0 
-294 -297 0 
-294 -298 0 
-294 -299 0 
-294 -300 0 
-294 -301 0 
-294 -302 0 
-294 -303 0 
-294 -304 0 
-294 -305 0 
-294 -306 0 
-295 -296 0 
-295 -297 0 
-295 -298 0 
-295 -299 0 
-295 -300 0 
-295 -301 0 
-295 -302 0 
-295 -303 0 
-295 -304 0 
-295 -305 0 
-295 -306 0 
-296 -297 0 
-296 -298 0 
-296 -299 0 
-296 -300 0 
-296 -301 0 
-296 -302 0 
-296 -303 0 
-296 -304 0 
-296 -305 0 
-296 -306 0 
-297 -298 0 
-297 -299 0 
-297 -300 0 
-297 -301 0 
-297 -302 0 
-297 -303 0 
-297 -304 0 
-297 -305 0 
-297 -306 0 
-298 -299 0 
-298 -300 0 
-298 -301 0 
-298 -302 0 
-298 -303 0 
-298 -304 0 
-298 -305 0 
-298 -306 0 
-299 -300 0 
-299 -301 0 
-299 -302 0 
-299 -303 0 
-299 -304 0 
-299 -305 0 
-299 -306 0 
-300 -301 0 
-300 -302 0 
-300 -303 0 
-300 -304 0 
-300 -305 0 
-300 -306 0 
-301 -302 0 
-301 -303 0 
-301 -304 0 
-301 -305 0 
-301 -306 0 
-302 -303 0 
-302 -304 0 
-302 -305 0 
-302 -306 0 
-303 -304 0 
-303 -305 0 
-303 -306 0 
-304 -305 0 
-304 -306 0 
-305 -306 0 
